
Record    Record:Dissimilarity, k = 10
Record = 0 [(347, 0.05), (395, 0.08), (241, 0.1), (27, 0.1), (451, 0.11), (376, 0.12), (30, 0.14), (179, 0.14), (513, 0.15), (147, 0.16)]
Record = 1 [(170, 0.09), (436, 0.11), (50, 0.14), (179, 0.14), (411, 0.14), (475, 0.15), (147, 0.16), (347, 0.17), (451, 0.18), (70, 0.19)]
Record = 2 [(49, 1.52), (353, 2.04), (79, 2.05), (472, 2.08), (468, 2.09), (29, 2.09), (37, 2.1), (497, 2.12), (358, 2.14), (152, 2.15)]
Record = 3 [(183, 2.14), (302, 2.25), (35, 2.38), (123, 2.52), (155, 2.59), (454, 2.65), (175, 2.73), (199, 2.86), (4, 2.87), (314, 2.87)]
Record = 4 [(199, 0.02), (283, 0.05), (357, 0.11), (171, 0.18), (226, 0.23), (373, 0.23), (87, 0.24), (12, 0.28), (435, 0.28), (320, 0.29)]
Record = 5 [(429, 0.23), (487, 0.25), (434, 0.3), (90, 0.3), (432, 0.32), (240, 0.33), (38, 0.33), (269, 0.35), (112, 0.36), (95, 0.36)]
Record = 6 [(158, 0.3), (230, 1.01), (423, 1.02), (360, 1.05), (409, 1.06), (7, 1.07), (340, 1.08), (389, 1.09), (71, 1.09), (222, 1.1)]
Record = 7 [(369, 0.07), (45, 0.07), (222, 0.12), (340, 0.13), (389, 0.14), (230, 0.15), (89, 0.19), (18, 0.21), (360, 0.21), (71, 0.22)]
Record = 8 [(238, 0.29), (378, 0.32), (116, 0.38), (182, 0.42), (296, 0.76), (130, 1.01), (335, 1.01), (359, 1.03), (401, 1.08), (367, 1.08)]
Record = 9 [(50, 0.17), (436, 0.19), (502, 0.19), (451, 0.2), (241, 0.22), (313, 0.22), (475, 0.22), (100, 0.22), (86, 0.23), (376, 0.24)]
Record = 10 [(186, 0.09), (447, 0.17), (1, 0.23), (170, 0.25), (260, 0.26), (147, 0.32), (179, 0.32), (436, 0.34), (411, 0.34), (50, 0.36)]
Record = 11 [(426, 1.23), (150, 2.26), (428, 2.28), (314, 2.35), (165, 2.41), (65, 2.59), (160, 2.65), (455, 2.68), (154, 2.7), (415, 2.73)]
Record = 12 [(120, 0.11), (494, 0.14), (373, 0.17), (226, 0.18), (283, 0.22), (357, 0.24), (320, 0.27), (87, 0.27), (4, 0.28), (199, 0.28)]
Record = 13 [(327, 0.31), (317, 0.43), (156, 0.43), (159, 1.18), (397, 1.21), (190, 1.21), (315, 1.22), (266, 1.24), (427, 1.28), (239, 1.29)]
Record = 14 [(52, 0.18), (391, 0.29), (125, 0.33), (341, 0.38), (180, 0.39), (498, 0.4), (456, 0.4), (290, 0.43), (386, 0.44), (133, 0.47)]
Record = 15 [(25, 0.23), (392, 0.24), (229, 0.35), (20, 0.39), (351, 0.43), (267, 0.44), (203, 0.51), (478, 0.51), (335, 0.55), (390, 0.57)]
Record = 16 [(293, 0.09), (508, 0.17), (288, 0.41), (340, 1.01), (7, 1.11), (491, 1.12), (222, 1.13), (389, 1.13), (278, 1.14), (438, 1.15)]
Record = 17 [(225, 1.08), (333, 1.13), (215, 1.2), (309, 1.44), (469, 1.47), (477, 2.16), (107, 2.21), (53, 2.39), (404, 2.4), (407, 2.48)]
Record = 18 [(389, 0.13), (89, 0.18), (45, 0.18), (369, 0.19), (340, 0.21), (7, 0.21), (491, 0.22), (409, 0.25), (422, 0.32), (101, 0.32)]
Record = 19 [(224, 2.28), (6, 2.31), (417, 2.37), (158, 2.43), (516, 2.48), (278, 2.92), (369, 2.93), (441, 2.94), (45, 2.94), (146, 2.96)]
Record = 20 [(351, 0.17), (229, 0.21), (25, 0.21), (478, 0.25), (86, 0.32), (390, 0.33), (270, 0.34), (335, 0.34), (267, 0.35), (449, 0.36)]
Record = 21 [(243, 0.25), (124, 0.31), (52, 1.27), (14, 1.29), (125, 1.43), (386, 1.45), (180, 1.48), (287, 1.48), (498, 1.49), (174, 1.54)]
Record = 22 [(244, 0.11), (200, 0.15), (372, 0.16), (285, 0.17), (326, 0.24), (474, 0.24), (34, 0.33), (213, 0.38), (223, 0.38), (453, 0.53)]
Record = 23 [(192, 1.22), (213, 1.23), (453, 1.42), (326, 1.46), (372, 1.48), (244, 1.49), (200, 1.5), (22, 1.53), (488, 1.54), (285, 1.62)]
Record = 24 [(422, 0.19), (495, 0.2), (491, 0.23), (340, 0.33), (89, 0.33), (348, 0.35), (369, 0.38), (389, 0.38), (101, 0.39), (45, 0.4)]
Record = 25 [(229, 0.17), (20, 0.21), (15, 0.23), (351, 0.25), (267, 0.32), (203, 0.33), (478, 0.33), (335, 0.37), (86, 0.41), (270, 0.41)]
Record = 26 [(47, 0.03), (46, 0.05), (70, 0.06), (179, 0.09), (147, 0.09), (376, 0.1), (241, 0.13), (475, 0.13), (419, 0.17), (50, 0.18)]
Record = 27 [(395, 0.01), (451, 0.06), (411, 0.09), (419, 0.09), (0, 0.1), (376, 0.1), (347, 0.1), (113, 0.11), (30, 0.11), (179, 0.11)]
Record = 28 [(372, 0.63), (474, 0.64), (244, 0.65), (200, 0.66), (22, 0.67), (326, 0.74), (285, 0.77), (34, 0.8), (223, 0.81), (213, 0.88)]
Record = 29 [(417, 1.31), (504, 1.31), (276, 2.03), (301, 2.03), (420, 2.05), (2, 2.09), (79, 2.1), (358, 2.21), (224, 2.31), (121, 2.33)]
Record = 30 [(179, 0.1), (27, 0.11), (395, 0.12), (147, 0.13), (0, 0.14), (376, 0.14), (347, 0.14), (419, 0.15), (70, 0.15), (411, 0.15)]
Record = 31 [(431, 0.31), (403, 0.42), (233, 0.54), (262, 0.57), (193, 0.63), (408, 0.63), (195, 0.65), (66, 0.82), (64, 0.87), (388, 0.87)]
Record = 32 [(68, 0.38), (380, 1.14), (492, 1.24), (435, 1.26), (459, 1.28), (115, 1.3), (256, 1.3), (415, 1.31), (72, 1.34), (466, 1.35)]
Record = 33 [(377, 0.35), (252, 0.47), (64, 0.54), (66, 0.55), (54, 0.63), (145, 0.67), (388, 0.67), (162, 0.67), (195, 0.71), (408, 0.8)]
Record = 34 [(285, 0.22), (223, 0.24), (244, 0.28), (474, 0.29), (22, 0.33), (326, 0.36), (372, 0.38), (164, 0.46), (200, 0.47), (213, 0.63)]
Record = 35 [(123, 0.47), (192, 1.24), (299, 1.45), (5, 1.48), (207, 1.49), (488, 1.51), (265, 1.51), (90, 1.53), (387, 1.58), (338, 1.59)]
Record = 36 [(268, 0.17), (176, 0.62), (190, 1.1), (345, 1.14), (450, 1.16), (427, 1.16), (159, 1.18), (315, 1.22), (321, 1.24), (263, 1.28)]
Record = 37 [(336, 0.36), (218, 0.63), (102, 1.16), (468, 1.17), (48, 1.18), (353, 1.22), (208, 1.24), (152, 1.25), (293, 1.27), (472, 1.28)]
Record = 38 [(325, 0.11), (141, 0.17), (106, 0.18), (178, 0.18), (433, 0.22), (322, 0.22), (105, 0.23), (269, 0.27), (424, 0.3), (5, 0.33)]
Record = 39 [(119, 0.1), (242, 0.15), (393, 0.25), (421, 0.41), (514, 0.47), (221, 0.51), (97, 0.54), (382, 0.54), (130, 0.58), (294, 0.74)]
Record = 40 [(364, 1.22), (69, 1.36), (94, 1.37), (266, 1.45), (331, 1.46), (156, 1.49), (327, 1.5), (317, 1.59), (455, 1.62), (239, 1.67)]
Record = 41 [(508, 1.14), (16, 1.28), (293, 1.34), (288, 1.62), (71, 2.05), (305, 2.06), (360, 2.07), (230, 2.11), (423, 2.12), (370, 2.14)]
Record = 42 [(342, 0.11), (435, 0.12), (171, 0.25), (320, 0.27), (137, 0.27), (380, 0.27), (357, 0.31), (226, 0.32), (63, 0.33), (87, 0.34)]
Record = 43 [(144, 0.19), (48, 0.89), (266, 0.92), (239, 0.92), (69, 1.0), (128, 1.06), (94, 1.26), (13, 1.69), (208, 1.7), (480, 1.73)]
Record = 44 [(102, 1.14), (104, 1.15), (412, 1.18), (88, 1.25), (324, 1.25), (353, 1.32), (396, 1.33), (152, 1.33), (67, 1.37), (177, 1.42)]
Record = 45 [(369, 0.02), (7, 0.07), (389, 0.1), (89, 0.13), (222, 0.16), (340, 0.17), (491, 0.17), (18, 0.18), (230, 0.21), (247, 0.24)]
Record = 46 [(26, 0.05), (47, 0.05), (147, 0.09), (70, 0.09), (179, 0.11), (376, 0.13), (241, 0.15), (475, 0.15), (188, 0.15), (170, 0.16)]
Record = 47 [(26, 0.03), (70, 0.04), (46, 0.05), (179, 0.06), (376, 0.08), (147, 0.09), (241, 0.1), (475, 0.1), (347, 0.15), (50, 0.15)]
Record = 48 [(239, 0.35), (266, 0.41), (43, 0.89), (94, 1.02), (144, 1.07), (210, 1.18), (37, 1.18), (208, 1.19), (385, 1.29), (397, 1.29)]
Record = 49 [(279, 0.99), (143, 1.1), (497, 1.14), (472, 1.18), (6, 1.23), (504, 1.38), (158, 1.38), (353, 1.45), (468, 1.46), (79, 1.47)]
Record = 50 [(436, 0.07), (475, 0.07), (376, 0.1), (70, 0.11), (1, 0.14), (411, 0.15), (47, 0.15), (9, 0.17), (170, 0.17), (451, 0.17)]
Record = 51 [(491, 1.0), (89, 1.1), (340, 1.11), (389, 1.15), (369, 1.16), (348, 1.17), (45, 1.17), (83, 1.21), (222, 1.21), (101, 1.21)]
Record = 52 [(14, 0.18), (498, 0.27), (125, 0.27), (386, 0.36), (180, 0.41), (391, 0.46), (133, 0.54), (341, 0.55), (456, 0.57), (290, 0.6)]
Record = 53 [(281, 0.14), (407, 0.18), (148, 0.43), (261, 0.51), (458, 0.56), (47, 0.96), (70, 0.97), (26, 0.99), (376, 1.01), (46, 1.01)]
Record = 54 [(145, 0.28), (195, 0.47), (64, 0.57), (262, 0.59), (408, 0.61), (431, 0.62), (33, 0.63), (193, 0.68), (388, 0.69), (233, 0.73)]
Record = 55 [(223, 1.08), (131, 1.09), (34, 1.16), (244, 1.25), (263, 1.25), (285, 1.25), (157, 1.26), (319, 1.26), (427, 1.27), (345, 1.29)]
Record = 56 [(14, 0.98), (52, 1.06), (180, 1.18), (391, 1.27), (498, 1.29), (161, 1.31), (125, 1.32), (483, 1.33), (259, 1.34), (133, 1.35)]
Record = 57 [(295, 0.36), (356, 0.45), (129, 0.5), (96, 0.66), (253, 0.66), (289, 0.7), (467, 1.11), (310, 1.15), (205, 1.2), (473, 1.22)]
Record = 58 [(507, 0.58), (5, 0.59), (434, 0.62), (112, 0.67), (95, 0.67), (505, 0.69), (90, 0.69), (338, 0.69), (432, 0.7), (325, 0.7)]
Record = 59 [(63, 0.06), (320, 0.13), (185, 0.16), (226, 0.22), (137, 0.22), (494, 0.22), (373, 0.24), (171, 0.27), (87, 0.3), (490, 0.31)]
Record = 60 [(375, 0.02), (118, 0.13), (345, 0.21), (159, 0.25), (263, 0.26), (157, 0.27), (315, 0.33), (190, 0.34), (450, 0.4), (427, 0.4)]
Record = 61 [(272, 1.45), (265, 2.19), (8, 2.27), (455, 2.46), (116, 2.52), (55, 2.54), (383, 2.55), (182, 2.56), (238, 2.56), (378, 2.59)]
Record = 62 [(291, 0.33), (257, 0.38), (206, 0.43), (216, 0.52), (132, 0.58), (0, 1.1), (388, 1.11), (395, 1.11), (27, 1.13), (151, 1.14)]
Record = 63 [(59, 0.06), (320, 0.09), (373, 0.18), (137, 0.19), (171, 0.2), (185, 0.22), (87, 0.24), (283, 0.25), (226, 0.26), (494, 0.26)]
Record = 64 [(388, 0.13), (377, 0.31), (408, 0.36), (195, 0.49), (262, 0.49), (33, 0.54), (431, 0.56), (54, 0.57), (193, 0.57), (252, 0.58)]
Record = 65 [(150, 0.36), (428, 0.45), (482, 1.41), (426, 1.5), (250, 2.29), (302, 2.39), (11, 2.59), (314, 2.6), (154, 2.64), (265, 2.71)]
Record = 66 [(193, 0.3), (262, 0.38), (377, 0.4), (195, 0.42), (233, 0.42), (162, 0.51), (33, 0.55), (431, 0.56), (408, 0.57), (252, 0.58)]
Record = 67 [(324, 0.19), (323, 0.22), (297, 0.31), (184, 0.57), (450, 1.13), (315, 1.13), (316, 1.16), (159, 1.22), (190, 1.26), (354, 1.29)]
Record = 68 [(32, 0.38), (248, 1.25), (306, 1.27), (415, 1.31), (160, 1.32), (489, 1.33), (154, 1.34), (77, 1.36), (199, 1.38), (4, 1.39)]
Record = 69 [(43, 1.0), (128, 1.06), (144, 1.19), (40, 1.36), (13, 1.69), (48, 1.89), (397, 1.89), (331, 1.91), (266, 1.92), (239, 1.92)]
Record = 70 [(376, 0.04), (47, 0.04), (241, 0.06), (26, 0.06), (475, 0.06), (46, 0.09), (179, 0.1), (347, 0.11), (50, 0.11), (147, 0.12)]
Record = 71 [(305, 0.02), (360, 0.06), (423, 0.09), (230, 0.1), (7, 0.22), (222, 0.22), (369, 0.25), (45, 0.26), (89, 0.28), (409, 0.29)]
Record = 72 [(115, 0.14), (77, 0.22), (466, 0.28), (492, 0.38), (160, 0.41), (78, 0.46), (256, 0.5), (415, 0.53), (154, 0.61), (165, 0.72)]
Record = 73 [(275, 0.15), (312, 0.27), (313, 0.31), (92, 0.31), (390, 0.37), (502, 0.42), (191, 0.43), (100, 0.45), (260, 0.45), (270, 0.47)]
Record = 74 [(399, 0.26), (164, 1.11), (265, 1.29), (223, 1.35), (34, 1.36), (207, 1.41), (326, 1.43), (285, 1.46), (22, 1.49), (244, 1.52)]
Record = 75 [(437, 0.23), (485, 0.28), (319, 0.43), (374, 0.83), (491, 1.07), (340, 1.11), (89, 1.14), (389, 1.16), (369, 1.17), (249, 1.17)]
Record = 76 [(339, 2.2), (55, 2.23), (394, 2.28), (258, 2.44), (300, 2.62), (370, 2.8), (217, 2.86), (379, 2.92), (515, 2.94), (176, 3.09)]
Record = 77 [(160, 0.21), (466, 0.21), (72, 0.22), (115, 0.29), (415, 0.33), (154, 0.41), (78, 0.41), (492, 0.43), (165, 0.5), (256, 0.55)]
Record = 78 [(77, 0.41), (72, 0.46), (415, 0.53), (115, 0.57), (160, 0.62), (466, 0.62), (165, 0.8), (154, 0.82), (492, 0.83), (256, 0.9)]
Record = 79 [(226, 0.93), (357, 0.97), (320, 1.0), (120, 1.0), (283, 1.02), (373, 1.02), (171, 1.03), (12, 1.04), (4, 1.06), (199, 1.08)]
Record = 80 [(268, 2.15), (67, 2.19), (323, 2.25), (324, 2.27), (306, 2.27), (181, 2.28), (297, 2.28), (274, 2.29), (36, 2.32), (354, 2.33)]
Record = 81 [(441, 1.3), (318, 1.3), (264, 1.37), (273, 1.41), (37, 1.44), (355, 1.49), (336, 1.63), (218, 1.67), (212, 1.92), (239, 2.18)]
Record = 82 [(418, 0.18), (383, 0.28), (196, 0.37), (515, 0.93), (45, 1.03), (369, 1.04), (7, 1.09), (432, 1.1), (240, 1.12), (222, 1.13)]
Record = 83 [(361, 0.4), (434, 1.06), (112, 1.09), (95, 1.09), (505, 1.11), (432, 1.15), (269, 1.16), (464, 1.2), (330, 1.2), (51, 1.21)]
Record = 84 [(111, 0.16), (499, 0.49), (240, 1.13), (90, 1.15), (474, 1.16), (432, 1.17), (249, 1.17), (434, 1.2), (269, 1.2), (112, 1.2)]
Record = 85 [(129, 1.12), (368, 1.22), (458, 1.31), (57, 1.32), (356, 1.37), (253, 1.38), (148, 1.46), (295, 1.48), (359, 1.56), (255, 1.68)]
Record = 86 [(478, 0.08), (511, 0.08), (449, 0.09), (513, 0.09), (241, 0.17), (367, 0.2), (401, 0.22), (70, 0.23), (9, 0.23), (209, 0.23)]
Record = 87 [(171, 0.14), (283, 0.18), (373, 0.19), (357, 0.21), (320, 0.23), (4, 0.24), (63, 0.24), (199, 0.25), (12, 0.27), (494, 0.28)]
Record = 88 [(396, 0.21), (177, 0.42), (72, 1.02), (427, 1.13), (115, 1.15), (190, 1.19), (450, 1.21), (437, 1.21), (102, 1.21), (104, 1.23)]
Record = 89 [(389, 0.05), (491, 0.1), (369, 0.12), (45, 0.13), (101, 0.14), (340, 0.17), (18, 0.18), (7, 0.19), (348, 0.22), (423, 0.24)]
Record = 90 [(432, 0.26), (240, 0.28), (434, 0.3), (5, 0.3), (112, 0.35), (269, 0.35), (95, 0.36), (505, 0.37), (338, 0.37), (106, 0.4)]
Record = 91 [(163, 0.02), (284, 0.59), (410, 0.7), (344, 0.83), (270, 0.87), (92, 0.9), (135, 0.93), (46, 0.95), (191, 0.96), (47, 0.99)]
Record = 92 [(191, 0.17), (312, 0.18), (344, 0.24), (313, 0.24), (275, 0.26), (270, 0.28), (390, 0.3), (502, 0.31), (73, 0.31), (436, 0.37)]
Record = 93 [(484, 1.54), (417, 1.86), (288, 2.17), (405, 2.23), (228, 2.23), (277, 2.29), (504, 2.3), (293, 2.3), (446, 2.3), (16, 2.38)]
Record = 94 [(266, 0.74), (239, 0.9), (48, 1.02), (144, 1.07), (43, 1.26), (40, 1.37), (155, 1.44), (364, 1.51), (156, 1.67), (13, 1.67)]
Record = 95 [(434, 0.06), (505, 0.08), (112, 0.1), (269, 0.19), (432, 0.24), (424, 0.24), (338, 0.24), (141, 0.24), (105, 0.3), (322, 0.3)]
Record = 96 [(295, 0.42), (356, 0.51), (289, 0.57), (57, 0.66), (253, 0.72), (129, 0.75), (303, 1.34), (220, 1.35), (233, 1.37), (294, 1.39)]
Record = 97 [(130, 0.36), (514, 0.37), (221, 0.42), (294, 0.52), (119, 0.54), (39, 0.54), (421, 0.56), (242, 0.57), (393, 0.67), (382, 0.85)]
Record = 98 [(134, 0.09), (247, 0.17), (138, 0.19), (443, 0.23), (101, 0.3), (348, 0.32), (369, 0.33), (45, 0.35), (89, 0.4), (495, 0.4)]
Record = 99 [(66, 0.89), (233, 0.98), (193, 1.03), (252, 1.03), (262, 1.12), (162, 1.15), (195, 1.24), (408, 1.27), (377, 1.29), (403, 1.32)]
Record = 100 [(502, 0.1), (313, 0.16), (9, 0.22), (351, 0.22), (312, 0.23), (191, 0.23), (270, 0.23), (344, 0.26), (390, 0.26), (478, 0.27)]
Record = 101 [(348, 0.11), (89, 0.14), (501, 0.15), (389, 0.19), (491, 0.21), (369, 0.26), (45, 0.26), (98, 0.3), (443, 0.31), (340, 0.31)]
Record = 102 [(104, 0.17), (412, 0.17), (468, 0.3), (353, 0.31), (152, 0.34), (472, 0.42), (497, 0.47), (143, 0.5), (279, 0.61), (308, 0.67)]
Record = 103 [(130, 1.2), (242, 1.22), (119, 1.27), (393, 1.27), (221, 1.33), (294, 1.36), (39, 1.37), (107, 1.42), (421, 1.43), (514, 1.48)]
Record = 104 [(102, 0.17), (152, 0.17), (412, 0.2), (353, 0.27), (468, 0.45), (472, 0.5), (497, 0.6), (143, 0.67), (308, 0.69), (279, 0.78)]
Record = 105 [(322, 0.12), (178, 0.13), (325, 0.16), (141, 0.16), (106, 0.2), (269, 0.2), (38, 0.23), (433, 0.24), (280, 0.24), (424, 0.29)]
Record = 106 [(433, 0.13), (322, 0.13), (325, 0.14), (178, 0.14), (141, 0.15), (38, 0.18), (105, 0.2), (432, 0.24), (269, 0.25), (280, 0.27)]
Record = 107 [(70, 1.01), (215, 1.02), (47, 1.02), (376, 1.05), (26, 1.05), (241, 1.07), (475, 1.07), (333, 1.07), (46, 1.07), (179, 1.09)]
Record = 108 [(169, 0.98), (481, 1.26), (28, 1.36), (463, 1.53), (285, 1.68), (22, 1.69), (200, 1.71), (244, 1.74), (326, 1.8), (372, 1.82)]
Record = 109 [(387, 0.78), (365, 0.8), (24, 1.28), (495, 1.33), (501, 1.37), (348, 1.38), (138, 1.41), (197, 1.42), (422, 1.46), (101, 1.5)]
Record = 110 [(473, 0.02), (332, 0.13), (310, 0.15), (467, 0.23), (205, 0.34), (220, 0.38), (335, 0.43), (246, 0.46), (486, 0.51), (203, 0.52)]
Record = 111 [(84, 0.16), (499, 0.37), (474, 1.08), (112, 1.12), (338, 1.14), (306, 1.18), (236, 1.19), (434, 1.19), (95, 1.2), (505, 1.22)]
Record = 112 [(95, 0.1), (338, 0.14), (434, 0.15), (505, 0.18), (269, 0.19), (488, 0.21), (432, 0.24), (322, 0.25), (178, 0.28), (105, 0.3)]
Record = 113 [(419, 0.02), (188, 0.04), (147, 0.1), (27, 0.11), (395, 0.12), (179, 0.12), (411, 0.12), (451, 0.17), (172, 0.17), (30, 0.17)]
Record = 114 [(471, 1.31), (166, 1.32), (398, 1.34), (117, 1.37), (457, 1.44), (493, 1.44), (153, 1.47), (142, 1.64), (303, 1.66), (328, 1.94)]
Record = 115 [(72, 0.14), (77, 0.29), (492, 0.34), (466, 0.37), (256, 0.38), (160, 0.49), (78, 0.57), (415, 0.61), (154, 0.69), (165, 0.78)]
Record = 116 [(182, 0.04), (8, 0.38), (296, 0.64), (238, 0.67), (378, 0.7), (20, 1.07), (54, 1.07), (216, 1.14), (242, 1.19), (145, 1.21)]
Record = 117 [(166, 0.24), (142, 0.76), (328, 1.07), (392, 1.21), (25, 1.21), (15, 1.25), (229, 1.34), (351, 1.35), (114, 1.37), (20, 1.42)]
Record = 118 [(60, 0.13), (375, 0.15), (263, 0.17), (157, 0.18), (345, 0.21), (190, 0.26), (159, 0.29), (427, 0.32), (315, 0.38), (450, 0.4)]
Record = 119 [(39, 0.1), (242, 0.15), (393, 0.15), (421, 0.4), (221, 0.4), (514, 0.46), (130, 0.47), (97, 0.54), (294, 0.63), (382, 0.64)]
Record = 120 [(12, 0.11), (226, 0.14), (494, 0.15), (357, 0.17), (320, 0.23), (171, 0.24), (283, 0.25), (373, 0.25), (4, 0.29), (199, 0.31)]
Record = 121 [(301, 2.33), (29, 2.33), (420, 2.35), (358, 2.38), (379, 2.47), (397, 2.54), (231, 2.57), (201, 2.57), (217, 2.6), (210, 2.79)]
Record = 122 [(439, 0.67), (312, 1.06), (191, 1.11), (313, 1.12), (92, 1.12), (270, 1.16), (344, 1.18), (98, 1.19), (502, 1.19), (436, 1.25)]
Record = 123 [(35, 0.47), (5, 1.36), (487, 1.38), (90, 1.39), (387, 1.44), (365, 1.46), (429, 1.46), (330, 1.5), (146, 1.6), (83, 1.63)]
Record = 124 [(243, 0.21), (21, 0.31), (14, 1.15), (391, 1.26), (287, 1.27), (52, 1.32), (341, 1.36), (456, 1.38), (254, 1.42), (125, 1.48)]
Record = 125 [(386, 0.13), (498, 0.17), (391, 0.22), (52, 0.27), (180, 0.3), (14, 0.33), (341, 0.34), (456, 0.36), (290, 0.39), (174, 0.4)]
Record = 126 [(435, 1.72), (104, 1.73), (459, 1.74), (304, 1.77), (380, 1.8), (42, 1.84), (152, 1.85), (342, 1.87), (314, 1.88), (412, 1.89)]
Record = 127 [(400, 1.01), (204, 1.17), (386, 1.72), (181, 1.76), (174, 1.76), (290, 1.83), (125, 1.85), (498, 1.86), (168, 1.94), (341, 1.98)]
Record = 128 [(69, 1.06), (43, 1.06), (144, 1.25), (364, 1.29), (184, 1.68), (13, 1.74), (496, 1.76), (67, 1.76), (48, 1.83), (239, 1.92)]
Record = 129 [(57, 0.5), (356, 0.55), (253, 0.59), (295, 0.66), (96, 0.75), (289, 1.1), (85, 1.12), (205, 1.32), (332, 1.39), (467, 1.41)]
Record = 130 [(294, 0.16), (221, 0.28), (514, 0.3), (97, 0.36), (242, 0.43), (119, 0.47), (393, 0.48), (421, 0.49), (39, 0.58), (382, 0.98)]
Record = 131 [(55, 1.09), (223, 1.11), (34, 1.13), (304, 1.21), (319, 1.29), (485, 1.32), (437, 1.33), (164, 1.34), (244, 1.34), (285, 1.34)]
Record = 132 [(206, 0.33), (216, 0.42), (257, 0.54), (62, 0.58), (291, 0.72), (312, 1.05), (296, 1.08), (92, 1.12), (313, 1.12), (191, 1.12)]
Record = 133 [(341, 0.18), (259, 0.2), (456, 0.21), (290, 0.24), (498, 0.26), (391, 0.28), (180, 0.38), (386, 0.4), (125, 0.43), (14, 0.47)]
Record = 134 [(247, 0.08), (98, 0.09), (369, 0.25), (443, 0.27), (45, 0.27), (138, 0.28), (7, 0.32), (89, 0.32), (491, 0.33), (495, 0.34)]
Record = 135 [(376, 0.17), (70, 0.21), (30, 0.21), (241, 0.22), (475, 0.24), (47, 0.24), (395, 0.25), (27, 0.26), (50, 0.26), (0, 0.27)]
Record = 136 [(139, 0.4), (330, 0.84), (479, 1.18), (460, 1.31), (227, 1.32), (361, 1.41), (322, 1.42), (425, 1.44), (178, 1.45), (424, 1.46)]
Record = 137 [(63, 0.19), (59, 0.22), (320, 0.25), (42, 0.27), (185, 0.29), (342, 0.3), (490, 0.34), (373, 0.37), (435, 0.39), (171, 0.39)]
Record = 138 [(98, 0.19), (134, 0.28), (501, 0.34), (247, 0.36), (348, 0.38), (443, 0.43), (495, 0.47), (101, 0.49), (491, 0.5), (369, 0.53)]
Record = 139 [(136, 0.4), (330, 0.78), (479, 1.25), (460, 1.26), (322, 1.36), (425, 1.36), (227, 1.37), (178, 1.39), (464, 1.41), (141, 1.41)]
Record = 140 [(151, 0.06), (401, 0.08), (367, 0.08), (486, 0.11), (246, 0.14), (335, 0.14), (211, 0.17), (449, 0.19), (511, 0.2), (0, 0.21)]
Record = 141 [(433, 0.08), (424, 0.13), (106, 0.15), (322, 0.16), (325, 0.16), (105, 0.16), (38, 0.17), (178, 0.17), (280, 0.2), (269, 0.21)]
Record = 142 [(328, 0.31), (166, 0.53), (117, 0.76), (0, 1.08), (367, 1.1), (511, 1.1), (513, 1.11), (449, 1.12), (140, 1.12), (401, 1.13)]
Record = 143 [(497, 0.06), (279, 0.14), (472, 0.17), (468, 0.38), (353, 0.44), (412, 0.47), (102, 0.5), (152, 0.59), (104, 0.67), (423, 1.05)]
Record = 144 [(43, 0.19), (48, 1.07), (94, 1.07), (266, 1.11), (239, 1.11), (69, 1.19), (128, 1.25), (440, 1.81), (13, 1.87), (208, 1.89)]
Record = 145 [(54, 0.28), (195, 0.37), (193, 0.54), (233, 0.55), (262, 0.64), (33, 0.67), (66, 0.69), (431, 0.78), (64, 0.81), (377, 0.82)]
Record = 146 [(240, 1.07), (338, 1.19), (269, 1.19), (432, 1.2), (90, 1.21), (83, 1.22), (112, 1.25), (330, 1.25), (95, 1.25), (434, 1.26)]
Record = 147 [(179, 0.02), (26, 0.09), (170, 0.09), (46, 0.09), (47, 0.09), (113, 0.1), (419, 0.1), (347, 0.11), (188, 0.11), (70, 0.12)]
Record = 148 [(458, 0.3), (53, 0.43), (281, 0.54), (407, 0.61), (261, 0.95), (307, 1.01), (349, 1.05), (518, 1.09), (147, 1.14), (188, 1.15)]
Record = 149 [(56, 2.15), (174, 2.7), (290, 2.75), (133, 2.81), (391, 2.85), (161, 2.87), (204, 2.87), (341, 2.87), (456, 2.9), (14, 2.93)]
Record = 150 [(428, 0.18), (65, 0.36), (426, 1.14), (482, 1.15), (314, 2.24), (11, 2.26), (265, 2.35), (362, 2.42), (160, 2.47), (204, 2.5)]
Record = 151 [(140, 0.06), (367, 0.11), (486, 0.12), (401, 0.13), (211, 0.15), (246, 0.17), (335, 0.19), (449, 0.22), (511, 0.23), (203, 0.23)]
Record = 152 [(104, 0.17), (353, 0.2), (102, 0.34), (468, 0.37), (412, 0.38), (472, 0.42), (497, 0.53), (143, 0.59), (279, 0.71), (308, 0.86)]
Record = 153 [(457, 0.06), (398, 0.16), (471, 0.24), (303, 0.33), (493, 0.34), (449, 1.05), (511, 1.06), (367, 1.07), (401, 1.09), (337, 1.09)]
Record = 154 [(160, 0.25), (415, 0.36), (77, 0.41), (466, 0.43), (492, 0.52), (256, 0.58), (72, 0.61), (115, 0.69), (165, 0.7), (78, 0.82)]
Record = 155 [(208, 0.53), (446, 1.21), (266, 1.31), (314, 1.38), (199, 1.39), (4, 1.4), (189, 1.42), (94, 1.44), (283, 1.45), (239, 1.46)]
Record = 156 [(327, 0.12), (317, 0.21), (13, 0.43), (157, 1.03), (263, 1.13), (118, 1.15), (345, 1.17), (266, 1.19), (375, 1.21), (190, 1.21)]
Record = 157 [(263, 0.11), (345, 0.15), (118, 0.18), (190, 0.19), (375, 0.24), (159, 0.24), (427, 0.26), (60, 0.27), (315, 0.32), (450, 0.35)]
Record = 158 [(6, 0.3), (360, 1.01), (230, 1.05), (71, 1.05), (305, 1.06), (423, 1.08), (235, 1.08), (7, 1.2), (222, 1.21), (343, 1.23)]
Record = 159 [(315, 0.09), (190, 0.09), (427, 0.15), (345, 0.17), (263, 0.23), (375, 0.23), (450, 0.24), (157, 0.24), (60, 0.25), (118, 0.29)]
Record = 160 [(77, 0.21), (466, 0.23), (154, 0.25), (415, 0.35), (72, 0.41), (492, 0.41), (115, 0.49), (165, 0.5), (256, 0.56), (78, 0.62)]
Record = 161 [(301, 0.56), (56, 1.31), (483, 1.33), (276, 1.91), (14, 2.09), (309, 2.2), (290, 2.23), (391, 2.23), (469, 2.24), (52, 2.27)]
Record = 162 [(377, 0.32), (408, 0.35), (193, 0.5), (66, 0.51), (388, 0.51), (262, 0.56), (233, 0.59), (64, 0.63), (33, 0.67), (252, 0.7)]
Record = 163 [(91, 0.02), (284, 0.61), (410, 0.71), (344, 0.85), (270, 0.89), (92, 0.91), (135, 0.95), (46, 0.96), (26, 0.98), (191, 0.98)]
Record = 164 [(223, 0.29), (326, 0.37), (34, 0.46), (372, 0.51), (213, 0.51), (244, 0.56), (285, 0.56), (200, 0.57), (22, 0.59), (474, 0.69)]
Record = 165 [(160, 0.5), (77, 0.5), (466, 0.63), (415, 0.65), (154, 0.7), (72, 0.72), (115, 0.78), (78, 0.8), (492, 0.85), (256, 0.91)]
Record = 166 [(117, 0.24), (142, 0.53), (328, 0.83), (351, 1.11), (229, 1.15), (20, 1.19), (25, 1.19), (313, 1.26), (187, 1.29), (478, 1.3)]
Record = 167 [(463, 1.97), (474, 2.11), (244, 2.12), (414, 2.16), (22, 2.17), (285, 2.18), (465, 2.21), (34, 2.21), (169, 2.21), (372, 2.22)]
Record = 168 [(204, 1.77), (517, 1.8), (127, 1.94), (21, 2.6), (366, 2.6), (174, 2.63), (124, 2.67), (14, 2.7), (483, 2.71), (243, 2.76)]
Record = 169 [(108, 0.98), (481, 1.07), (474, 1.16), (244, 1.3), (285, 1.3), (22, 1.34), (34, 1.39), (372, 1.4), (506, 1.41), (200, 1.49)]
Record = 170 [(1, 0.09), (147, 0.09), (179, 0.12), (411, 0.14), (46, 0.16), (50, 0.17), (436, 0.18), (475, 0.18), (188, 0.18), (47, 0.18)]
Record = 171 [(357, 0.06), (283, 0.13), (320, 0.14), (87, 0.14), (226, 0.17), (4, 0.18), (199, 0.19), (63, 0.2), (120, 0.24), (42, 0.25)]
Record = 172 [(376, 0.14), (419, 0.15), (70, 0.15), (47, 0.16), (113, 0.17), (27, 0.17), (395, 0.18), (188, 0.19), (26, 0.19), (50, 0.2)]
Record = 173 [(412, 1.13), (102, 1.24), (497, 1.28), (274, 1.33), (355, 1.33), (104, 1.33), (143, 1.33), (282, 1.34), (273, 1.35), (264, 1.41)]
Record = 174 [(290, 0.28), (180, 0.37), (391, 0.4), (125, 0.4), (386, 0.42), (341, 0.43), (498, 0.46), (456, 0.46), (14, 0.49), (133, 0.52)]
Record = 175 [(35, 1.73), (123, 2.07), (363, 2.1), (192, 2.54), (446, 2.72), (3, 2.73), (109, 2.79), (139, 2.87), (425, 2.88), (265, 2.89)]
Record = 176 [(36, 0.62), (268, 0.69), (311, 1.09), (339, 1.24), (321, 1.39), (263, 1.41), (375, 1.43), (118, 1.43), (60, 1.45), (345, 1.48)]
Record = 177 [(88, 0.42), (396, 0.63), (472, 1.08), (497, 1.2), (353, 1.21), (468, 1.22), (143, 1.22), (450, 1.24), (412, 1.25), (75, 1.31)]
Record = 178 [(322, 0.03), (325, 0.07), (105, 0.13), (106, 0.14), (141, 0.17), (38, 0.18), (433, 0.25), (479, 0.27), (269, 0.27), (112, 0.28)]
Record = 179 [(147, 0.02), (47, 0.06), (26, 0.09), (347, 0.09), (70, 0.1), (419, 0.1), (30, 0.1), (27, 0.11), (46, 0.11), (170, 0.12)]
Record = 180 [(498, 0.26), (391, 0.3), (125, 0.3), (259, 0.37), (174, 0.37), (133, 0.38), (14, 0.39), (341, 0.39), (386, 0.4), (52, 0.41)]
Record = 181 [(127, 1.76), (318, 2.08), (441, 2.22), (80, 2.28), (386, 2.28), (264, 2.28), (273, 2.34), (354, 2.35), (125, 2.35), (498, 2.36)]
Record = 182 [(116, 0.04), (8, 0.42), (296, 0.68), (238, 0.71), (378, 0.74), (54, 1.07), (20, 1.11), (216, 1.18), (242, 1.23), (145, 1.25)]
Record = 183 [(171, 1.08), (357, 1.15), (42, 1.21), (320, 1.22), (283, 1.22), (342, 1.23), (87, 1.23), (435, 1.23), (226, 1.26), (4, 1.26)]
Record = 184 [(297, 0.46), (67, 0.57), (323, 0.59), (324, 0.59), (455, 1.33), (190, 1.38), (345, 1.4), (159, 1.41), (427, 1.44), (354, 1.44)]
Record = 185 [(490, 0.15), (59, 0.16), (63, 0.22), (320, 0.24), (137, 0.29), (226, 0.3), (171, 0.34), (494, 0.38), (373, 0.4), (357, 0.41)]
Record = 186 [(10, 0.09), (447, 0.26), (419, 0.3), (411, 0.3), (1, 0.32), (113, 0.32), (170, 0.33), (260, 0.35), (188, 0.35), (451, 0.38)]
Record = 187 [(449, 0.23), (335, 0.23), (140, 0.23), (211, 0.24), (511, 0.24), (367, 0.25), (401, 0.25), (486, 0.27), (513, 0.28), (436, 0.29)]
Record = 188 [(113, 0.04), (419, 0.04), (147, 0.11), (27, 0.12), (179, 0.13), (395, 0.13), (411, 0.13), (46, 0.15), (30, 0.18), (170, 0.18)]
Record = 189 [(155, 1.42), (208, 1.45), (79, 1.57), (484, 1.6), (210, 1.84), (454, 2.05), (266, 2.23), (199, 2.32), (185, 2.33), (314, 2.33)]
Record = 190 [(427, 0.06), (159, 0.09), (345, 0.13), (315, 0.13), (450, 0.16), (263, 0.18), (157, 0.19), (509, 0.23), (118, 0.26), (375, 0.32)]
Record = 191 [(502, 0.13), (344, 0.13), (313, 0.13), (312, 0.17), (92, 0.17), (270, 0.17), (50, 0.22), (100, 0.23), (9, 0.26), (436, 0.26)]
Record = 192 [(488, 0.39), (338, 0.47), (90, 0.47), (112, 0.5), (95, 0.6), (434, 0.65), (505, 0.67), (269, 0.69), (299, 0.69), (240, 0.7)]
Record = 193 [(262, 0.1), (233, 0.11), (195, 0.23), (66, 0.3), (408, 0.36), (431, 0.42), (388, 0.45), (377, 0.5), (162, 0.5), (403, 0.53)]
Record = 194 [(309, 1.35), (469, 1.38), (215, 1.58), (333, 1.65), (225, 1.8), (132, 2.14), (477, 2.23), (206, 2.24), (407, 2.31), (281, 2.35)]
Record = 195 [(193, 0.23), (233, 0.26), (262, 0.27), (145, 0.37), (66, 0.42), (54, 0.47), (431, 0.47), (408, 0.48), (64, 0.49), (388, 0.57)]
Record = 196 [(383, 0.21), (418, 0.26), (82, 0.37), (338, 1.16), (515, 1.18), (405, 1.19), (348, 1.19), (440, 1.2), (90, 1.21), (101, 1.23)]
Record = 197 [(485, 1.18), (258, 1.21), (319, 1.28), (437, 1.32), (370, 1.4), (75, 1.42), (109, 1.42), (365, 1.48), (399, 1.52), (387, 1.58)]
Record = 198 [(387, 1.27), (101, 1.29), (348, 1.32), (365, 1.35), (18, 1.4), (89, 1.4), (501, 1.41), (51, 1.42), (491, 1.42), (389, 1.45)]
Record = 199 [(4, 0.02), (283, 0.06), (357, 0.13), (171, 0.19), (226, 0.24), (373, 0.24), (87, 0.25), (12, 0.28), (320, 0.3), (435, 0.3)]
Record = 200 [(22, 0.15), (372, 0.18), (244, 0.19), (326, 0.22), (285, 0.32), (474, 0.33), (213, 0.35), (223, 0.4), (34, 0.47), (164, 0.57)]
Record = 201 [(231, 1.32), (327, 1.5), (156, 1.5), (317, 1.59), (13, 1.69), (217, 1.8), (210, 2.06), (40, 2.15), (364, 2.27), (94, 2.32)]
Record = 202 [(286, 0.31), (402, 0.43), (486, 0.48), (140, 0.49), (151, 0.51), (335, 0.55), (401, 0.57), (367, 0.57), (211, 0.62), (246, 0.63)]
Record = 203 [(486, 0.16), (151, 0.23), (335, 0.25), (140, 0.27), (229, 0.3), (187, 0.3), (449, 0.33), (25, 0.33), (401, 0.34), (511, 0.34)]
Record = 204 [(127, 1.17), (168, 1.77), (174, 1.94), (290, 1.99), (254, 1.99), (456, 2.02), (124, 2.02), (341, 2.04), (391, 2.04), (14, 2.05)]
Record = 205 [(467, 0.11), (246, 0.16), (310, 0.22), (140, 0.27), (151, 0.29), (371, 0.3), (461, 0.31), (473, 0.32), (110, 0.34), (486, 0.34)]
Record = 206 [(216, 0.22), (132, 0.33), (62, 0.43), (291, 0.53), (257, 0.56), (119, 1.0), (39, 1.1), (242, 1.15), (393, 1.15), (478, 1.16)]
Record = 207 [(74, 1.41), (399, 1.47), (35, 1.49), (265, 1.5), (123, 1.86), (23, 1.95), (299, 2.09), (34, 2.26), (32, 2.28), (223, 2.29)]
Record = 208 [(155, 0.53), (283, 1.08), (357, 1.09), (226, 1.1), (452, 1.11), (373, 1.11), (4, 1.12), (199, 1.14), (171, 1.15), (12, 1.15)]
Record = 209 [(513, 0.14), (511, 0.17), (241, 0.18), (475, 0.18), (449, 0.19), (436, 0.22), (86, 0.23), (70, 0.25), (510, 0.25), (50, 0.26)]
Record = 210 [(48, 1.18), (239, 1.3), (266, 1.36), (358, 1.51), (189, 1.84), (94, 1.98), (201, 2.06), (43, 2.06), (352, 2.07), (385, 2.25)]
Record = 211 [(151, 0.15), (140, 0.17), (451, 0.21), (367, 0.22), (486, 0.23), (449, 0.24), (511, 0.24), (187, 0.24), (401, 0.25), (0, 0.25)]
Record = 212 [(355, 0.42), (273, 0.5), (264, 0.54), (441, 0.62), (318, 0.74), (143, 1.57), (497, 1.6), (472, 1.65), (279, 1.71), (353, 1.72)]
Record = 213 [(372, 0.25), (326, 0.26), (244, 0.35), (200, 0.35), (22, 0.38), (285, 0.47), (474, 0.48), (164, 0.51), (453, 0.53), (223, 0.57)]
Record = 214 [(448, 0.78), (402, 0.79), (20, 0.81), (73, 0.81), (286, 0.81), (275, 0.85), (229, 0.86), (25, 0.88), (351, 0.88), (202, 0.91)]
Record = 215 [(333, 0.07), (225, 0.22), (309, 0.27), (469, 0.43), (477, 0.97), (107, 1.02), (53, 1.2), (404, 1.2), (17, 1.2), (407, 1.28)]
Record = 216 [(206, 0.22), (132, 0.42), (291, 0.48), (62, 0.52), (257, 0.65), (20, 1.07), (351, 1.1), (398, 1.11), (471, 1.11), (116, 1.14)]
Record = 217 [(231, 0.67), (159, 1.05), (315, 1.11), (190, 1.11), (427, 1.17), (358, 1.22), (345, 1.22), (263, 1.27), (450, 1.27), (375, 1.28)]
Record = 218 [(336, 0.58), (37, 0.63), (266, 1.42), (104, 1.43), (412, 1.43), (155, 1.46), (102, 1.47), (152, 1.56), (48, 1.58), (208, 1.64)]
Record = 219 [(393, 0.97), (242, 0.98), (119, 0.98), (39, 1.07), (407, 1.27), (221, 1.29), (130, 1.3), (281, 1.33), (359, 1.37), (421, 1.38)]
Record = 220 [(332, 0.26), (246, 0.35), (473, 0.36), (467, 0.38), (110, 0.38), (486, 0.4), (335, 0.4), (310, 0.42), (203, 0.42), (140, 0.47)]
Record = 221 [(421, 0.25), (294, 0.26), (130, 0.28), (514, 0.36), (119, 0.4), (97, 0.42), (393, 0.46), (242, 0.46), (39, 0.51), (382, 0.92)]
Record = 222 [(340, 0.12), (7, 0.12), (45, 0.16), (369, 0.17), (230, 0.17), (491, 0.21), (71, 0.22), (305, 0.23), (360, 0.23), (389, 0.26)]
Record = 223 [(34, 0.24), (164, 0.29), (326, 0.31), (372, 0.33), (244, 0.33), (285, 0.33), (22, 0.38), (200, 0.4), (474, 0.47), (213, 0.57)]
Record = 224 [(516, 0.31), (484, 1.38), (417, 1.59), (277, 1.89), (433, 1.96), (141, 1.96), (280, 2.02), (106, 2.03), (105, 2.05), (424, 2.09)]
Record = 225 [(333, 0.17), (215, 0.22), (309, 0.47), (469, 0.51), (17, 1.08), (477, 1.09), (107, 1.24), (53, 1.42), (404, 1.43), (458, 1.46)]
Record = 226 [(357, 0.11), (120, 0.14), (320, 0.17), (171, 0.17), (283, 0.18), (12, 0.18), (373, 0.19), (494, 0.21), (59, 0.22), (4, 0.23)]
Record = 227 [(464, 0.19), (416, 0.42), (424, 1.14), (141, 1.14), (280, 1.14), (433, 1.16), (325, 1.21), (322, 1.22), (178, 1.22), (413, 1.22)]
Record = 228 [(484, 1.43), (446, 2.21), (93, 2.23), (111, 2.36), (496, 2.41), (84, 2.42), (277, 2.51), (452, 2.51), (404, 2.55), (499, 2.58)]
Record = 229 [(25, 0.17), (351, 0.2), (478, 0.2), (20, 0.21), (335, 0.24), (86, 0.28), (203, 0.3), (187, 0.31), (449, 0.32), (486, 0.32)]
Record = 230 [(360, 0.06), (71, 0.1), (305, 0.11), (423, 0.14), (7, 0.15), (222, 0.17), (45, 0.21), (369, 0.22), (389, 0.23), (340, 0.27)]
Record = 231 [(217, 0.67), (201, 1.32), (157, 1.41), (159, 1.47), (345, 1.52), (263, 1.52), (375, 1.53), (316, 1.53), (60, 1.55), (118, 1.55)]
Record = 232 [(83, 1.53), (361, 1.55), (280, 2.08), (227, 2.17), (424, 2.22), (433, 2.22), (141, 2.22), (105, 2.26), (106, 2.34), (464, 2.36)]
Record = 233 [(193, 0.11), (262, 0.14), (195, 0.26), (66, 0.42), (408, 0.42), (431, 0.47), (388, 0.5), (31, 0.54), (145, 0.55), (403, 0.58)]
Record = 234 [(237, 0.44), (474, 0.88), (244, 1.01), (292, 1.06), (22, 1.06), (453, 1.08), (285, 1.08), (374, 1.1), (34, 1.11), (372, 1.11)]
Record = 235 [(334, 0.2), (343, 0.21), (409, 0.22), (423, 0.27), (360, 0.29), (71, 0.33), (305, 0.35), (230, 0.36), (18, 0.37), (389, 0.44)]
Record = 236 [(413, 0.34), (111, 1.19), (499, 1.3), (84, 1.31), (464, 1.34), (416, 1.49), (227, 1.51), (83, 2.15), (169, 2.16), (112, 2.16)]
Record = 237 [(234, 0.44), (34, 1.17), (462, 1.19), (223, 1.28), (474, 1.32), (292, 1.38), (285, 1.39), (374, 1.41), (244, 1.45), (22, 1.5)]
Record = 238 [(378, 0.02), (8, 0.29), (296, 0.49), (116, 0.67), (182, 0.71), (514, 1.02), (347, 1.04), (179, 1.05), (27, 1.06), (147, 1.07)]
Record = 239 [(266, 0.23), (48, 0.35), (94, 0.9), (43, 0.92), (385, 1.1), (144, 1.11), (480, 1.2), (208, 1.23), (420, 1.28), (13, 1.29)]
Record = 240 [(432, 0.17), (338, 0.23), (269, 0.26), (90, 0.28), (112, 0.32), (5, 0.33), (429, 0.33), (434, 0.33), (95, 0.33), (106, 0.39)]
Record = 241 [(70, 0.06), (513, 0.07), (347, 0.07), (376, 0.08), (0, 0.1), (475, 0.1), (47, 0.1), (511, 0.11), (449, 0.13), (26, 0.13)]
Record = 242 [(119, 0.15), (393, 0.15), (39, 0.15), (130, 0.43), (221, 0.46), (421, 0.55), (97, 0.57), (294, 0.59), (514, 0.61), (382, 0.68)]
Record = 243 [(124, 0.21), (21, 0.25), (14, 1.06), (52, 1.14), (287, 1.25), (125, 1.27), (391, 1.32), (498, 1.36), (180, 1.4), (386, 1.4)]
Record = 244 [(372, 0.1), (22, 0.11), (474, 0.13), (285, 0.13), (200, 0.19), (326, 0.21), (34, 0.28), (223, 0.33), (213, 0.35), (453, 0.43)]
Record = 245 [(306, 0.34), (323, 1.21), (4, 1.24), (199, 1.24), (111, 1.24), (154, 1.28), (160, 1.3), (283, 1.3), (357, 1.31), (67, 1.31)]
Record = 246 [(140, 0.14), (205, 0.16), (151, 0.17), (371, 0.19), (367, 0.19), (461, 0.2), (401, 0.21), (467, 0.22), (486, 0.24), (335, 0.27)]
Record = 247 [(134, 0.08), (98, 0.17), (369, 0.23), (45, 0.24), (89, 0.26), (389, 0.29), (443, 0.29), (7, 0.31), (491, 0.36), (138, 0.36)]
Record = 248 [(199, 0.33), (4, 0.34), (283, 0.39), (120, 0.43), (357, 0.45), (12, 0.45), (380, 0.49), (494, 0.49), (171, 0.52), (226, 0.56)]
Record = 249 [(422, 1.12), (89, 1.14), (84, 1.17), (389, 1.17), (75, 1.17), (24, 1.21), (369, 1.24), (491, 1.24), (45, 1.24), (101, 1.28)]
Record = 250 [(482, 1.62), (40, 1.76), (426, 1.77), (155, 1.9), (65, 2.29), (69, 2.4), (208, 2.43), (94, 2.46), (428, 2.57), (150, 2.65)]
Record = 251 [(279, 1.64), (143, 1.78), (497, 1.79), (355, 1.88), (472, 1.9), (318, 1.9), (212, 1.95), (273, 1.97), (264, 2.0), (173, 2.06)]
Record = 252 [(377, 0.44), (33, 0.47), (64, 0.58), (66, 0.58), (388, 0.64), (162, 0.7), (408, 0.83), (195, 0.87), (193, 0.88), (262, 0.96)]
Record = 253 [(356, 0.21), (295, 0.3), (129, 0.59), (289, 0.66), (57, 0.66), (96, 0.72), (513, 1.12), (221, 1.13), (62, 1.15), (211, 1.16)]
Record = 254 [(456, 1.09), (341, 1.12), (391, 1.18), (259, 1.2), (290, 1.27), (133, 1.3), (498, 1.33), (386, 1.37), (125, 1.39), (124, 1.42)]
Record = 255 [(368, 0.78), (377, 1.0), (64, 1.19), (162, 1.19), (33, 1.23), (388, 1.25), (252, 1.25), (66, 1.27), (261, 1.28), (408, 1.31)]
Record = 256 [(492, 0.35), (115, 0.38), (466, 0.44), (415, 0.44), (72, 0.5), (77, 0.55), (160, 0.56), (154, 0.58), (78, 0.9), (165, 0.91)]
Record = 257 [(62, 0.38), (132, 0.54), (206, 0.56), (291, 0.58), (216, 0.65), (46, 1.09), (26, 1.14), (47, 1.14), (376, 1.16), (70, 1.17)]
Record = 258 [(197, 1.21), (55, 1.51), (399, 1.64), (74, 1.71), (377, 2.1), (22, 2.22), (159, 2.23), (109, 2.23), (474, 2.24), (345, 2.24)]
Record = 259 [(456, 0.16), (341, 0.18), (133, 0.2), (391, 0.3), (290, 0.33), (498, 0.36), (180, 0.37), (386, 0.5), (125, 0.52), (14, 0.56)]
Record = 260 [(510, 0.12), (1, 0.21), (436, 0.25), (10, 0.26), (347, 0.26), (447, 0.26), (0, 0.27), (211, 0.28), (513, 0.29), (451, 0.3)]
Record = 261 [(407, 0.47), (53, 0.51), (281, 0.53), (458, 0.9), (148, 0.95), (312, 1.15), (478, 1.17), (260, 1.19), (313, 1.19), (510, 1.21)]
Record = 262 [(193, 0.1), (233, 0.14), (195, 0.27), (408, 0.28), (431, 0.34), (388, 0.36), (66, 0.38), (403, 0.45), (64, 0.49), (162, 0.56)]
Record = 263 [(157, 0.11), (345, 0.15), (118, 0.17), (190, 0.18), (375, 0.23), (159, 0.23), (427, 0.25), (60, 0.26), (315, 0.31), (509, 0.31)]
Record = 264 [(273, 0.06), (355, 0.12), (441, 0.13), (318, 0.28), (212, 0.54), (472, 1.1), (353, 1.18), (497, 1.26), (468, 1.26), (143, 1.28)]
Record = 265 [(74, 1.29), (399, 1.31), (207, 1.5), (35, 1.51), (362, 1.76), (123, 1.98), (61, 2.19), (195, 2.19), (262, 2.23), (326, 2.24)]
Record = 266 [(239, 0.23), (48, 0.41), (94, 0.74), (43, 0.92), (144, 1.11), (385, 1.12), (327, 1.18), (480, 1.19), (156, 1.19), (317, 1.19)]
Record = 267 [(25, 0.32), (20, 0.35), (229, 0.44), (15, 0.44), (351, 0.52), (220, 0.56), (203, 0.6), (478, 0.6), (390, 0.63), (335, 0.65)]
Record = 268 [(36, 0.17), (176, 0.69), (315, 1.04), (450, 1.11), (159, 1.13), (190, 1.17), (345, 1.21), (316, 1.21), (427, 1.23), (375, 1.27)]
Record = 269 [(112, 0.19), (95, 0.19), (434, 0.2), (105, 0.2), (424, 0.21), (141, 0.21), (432, 0.24), (106, 0.25), (325, 0.26), (240, 0.26)]
Record = 270 [(344, 0.04), (313, 0.16), (191, 0.17), (312, 0.2), (70, 0.21), (478, 0.21), (100, 0.23), (502, 0.23), (241, 0.23), (376, 0.23)]
Record = 271 [(460, 0.71), (274, 0.77), (321, 1.45), (199, 1.48), (171, 1.48), (4, 1.49), (283, 1.54), (357, 1.54), (183, 1.56), (435, 1.58)]
Record = 272 [(383, 1.15), (455, 1.18), (298, 1.18), (418, 1.2), (82, 1.26), (196, 1.31), (55, 1.35), (61, 1.45), (394, 1.51), (241, 2.0)]
Record = 273 [(264, 0.06), (355, 0.08), (441, 0.19), (318, 0.34), (212, 0.5), (472, 1.17), (497, 1.2), (353, 1.22), (143, 1.24), (468, 1.32)]
Record = 274 [(460, 0.26), (271, 0.77), (42, 1.12), (342, 1.18), (435, 1.19), (87, 1.23), (183, 1.28), (171, 1.32), (137, 1.33), (173, 1.33)]
Record = 275 [(73, 0.15), (92, 0.26), (312, 0.37), (191, 0.39), (447, 0.42), (313, 0.43), (344, 0.46), (270, 0.47), (502, 0.49), (390, 0.49)]
Record = 276 [(161, 1.91), (301, 2.0), (29, 2.03), (477, 2.27), (417, 2.73), (483, 2.87), (309, 2.99), (469, 3.02), (56, 3.07), (215, 3.22)]
Record = 277 [(405, 1.42), (90, 1.48), (240, 1.5), (515, 1.64), (505, 1.65), (432, 1.67), (95, 1.67), (338, 1.68), (434, 1.68), (269, 1.71)]
Record = 278 [(369, 1.05), (45, 1.05), (7, 1.08), (293, 1.12), (389, 1.13), (16, 1.14), (222, 1.14), (340, 1.15), (491, 1.15), (89, 1.17)]
Record = 279 [(143, 0.14), (497, 0.18), (472, 0.28), (468, 0.49), (353, 0.55), (412, 0.58), (102, 0.61), (152, 0.71), (104, 0.78), (49, 0.99)]
Record = 280 [(433, 0.14), (424, 0.19), (141, 0.2), (105, 0.24), (106, 0.27), (38, 0.34), (269, 0.34), (325, 0.35), (322, 0.36), (178, 0.36)]
Record = 281 [(407, 0.07), (53, 0.14), (261, 0.53), (148, 0.54), (458, 0.7), (344, 0.91), (270, 0.94), (191, 1.04), (47, 1.07), (26, 1.1)]
Record = 282 [(102, 1.15), (104, 1.22), (412, 1.27), (468, 1.29), (173, 1.34), (353, 1.37), (152, 1.39), (441, 1.48), (308, 1.52), (264, 1.55)]
Record = 283 [(4, 0.05), (199, 0.06), (357, 0.07), (171, 0.13), (226, 0.18), (373, 0.18), (87, 0.18), (12, 0.22), (320, 0.24), (120, 0.25)]
Record = 284 [(410, 0.22), (91, 0.59), (163, 0.61), (307, 0.86), (188, 0.89), (518, 0.91), (461, 0.91), (349, 0.91), (113, 0.92), (371, 0.92)]
Record = 285 [(244, 0.13), (22, 0.17), (326, 0.21), (34, 0.22), (372, 0.23), (474, 0.26), (200, 0.32), (223, 0.33), (213, 0.47), (453, 0.55)]
Record = 286 [(202, 0.31), (449, 0.37), (511, 0.38), (513, 0.41), (402, 0.42), (367, 0.43), (448, 0.44), (86, 0.46), (401, 0.46), (241, 0.49)]
Record = 287 [(14, 1.19), (243, 1.25), (52, 1.26), (124, 1.27), (180, 1.38), (391, 1.4), (259, 1.47), (498, 1.48), (133, 1.48), (21, 1.48)]
Record = 288 [(293, 0.32), (16, 0.41), (508, 0.53), (446, 1.23), (491, 1.3), (438, 1.32), (18, 1.34), (89, 1.35), (348, 1.35), (24, 1.38)]
Record = 289 [(295, 0.44), (356, 0.55), (96, 0.57), (253, 0.66), (57, 0.7), (129, 1.1), (66, 1.18), (233, 1.31), (193, 1.35), (303, 1.4)]
Record = 290 [(341, 0.15), (456, 0.18), (133, 0.24), (391, 0.25), (174, 0.28), (386, 0.29), (259, 0.33), (498, 0.33), (125, 0.39), (14, 0.43)]
Record = 291 [(62, 0.33), (216, 0.48), (206, 0.53), (257, 0.58), (132, 0.72), (246, 1.1), (401, 1.16), (367, 1.16), (449, 1.22), (130, 1.22)]
Record = 292 [(487, 0.38), (429, 0.45), (5, 0.62), (432, 0.64), (240, 0.79), (434, 0.8), (38, 0.82), (112, 0.85), (95, 0.85), (269, 0.85)]
Record = 293 [(16, 0.09), (508, 0.26), (288, 0.32), (491, 1.03), (340, 1.07), (89, 1.09), (389, 1.12), (278, 1.12), (369, 1.13), (45, 1.14)]
Record = 294 [(130, 0.16), (221, 0.26), (514, 0.47), (421, 0.48), (97, 0.52), (242, 0.59), (119, 0.63), (393, 0.64), (39, 0.74), (262, 1.02)]
Record = 295 [(356, 0.11), (253, 0.3), (57, 0.36), (96, 0.42), (289, 0.44), (129, 0.66), (486, 1.02), (294, 1.06), (262, 1.06), (335, 1.09)]
Record = 296 [(238, 0.49), (378, 0.52), (116, 0.64), (182, 0.68), (8, 0.76), (132, 1.08), (312, 1.13), (313, 1.19), (92, 1.2), (191, 1.2)]
Record = 297 [(323, 0.28), (67, 0.31), (324, 0.4), (184, 0.46), (306, 1.02), (159, 1.09), (263, 1.17), (315, 1.18), (190, 1.19), (345, 1.21)]
Record = 298 [(418, 1.03), (379, 1.09), (383, 1.14), (272, 1.18), (82, 1.2), (196, 1.23), (55, 1.47), (23, 1.71), (515, 2.01), (315, 2.02)]
Record = 299 [(178, 0.34), (325, 0.35), (322, 0.35), (38, 0.36), (488, 0.41), (5, 0.41), (112, 0.42), (479, 0.44), (105, 0.46), (269, 0.48)]
Record = 300 [(515, 0.88), (405, 1.11), (394, 1.44), (418, 1.63), (82, 1.69), (383, 1.78), (358, 1.79), (196, 1.87), (379, 1.98), (6, 2.02)]
Record = 301 [(161, 0.56), (483, 1.23), (56, 1.46), (125, 1.9), (276, 2.0), (386, 2.01), (29, 2.03), (498, 2.07), (391, 2.12), (52, 2.17)]
Record = 302 [(154, 1.35), (160, 1.45), (321, 1.56), (77, 1.66), (466, 1.68), (415, 1.7), (492, 1.75), (399, 1.82), (72, 1.85), (311, 1.86)]
Record = 303 [(457, 0.27), (153, 0.33), (471, 0.35), (398, 0.42), (493, 0.68), (335, 1.19), (8, 1.2), (130, 1.21), (233, 1.21), (294, 1.23)]
Record = 304 [(134, 1.04), (105, 1.09), (141, 1.09), (247, 1.1), (106, 1.11), (98, 1.13), (38, 1.14), (269, 1.14), (433, 1.15), (322, 1.15)]
Record = 305 [(71, 0.02), (360, 0.08), (423, 0.1), (230, 0.11), (7, 0.23), (222, 0.23), (369, 0.26), (45, 0.27), (89, 0.27), (409, 0.29)]
Record = 306 [(245, 0.34), (297, 1.02), (199, 1.11), (4, 1.12), (283, 1.17), (111, 1.18), (160, 1.19), (77, 1.2), (248, 1.22), (357, 1.24)]
Record = 307 [(147, 0.14), (179, 0.16), (349, 0.17), (46, 0.2), (170, 0.21), (188, 0.22), (461, 0.22), (113, 0.23), (26, 0.23), (47, 0.23)]
Record = 308 [(102, 0.67), (104, 0.69), (412, 0.76), (468, 0.79), (152, 0.86), (353, 0.86), (472, 1.06), (497, 1.11), (143, 1.17), (279, 1.29)]
Record = 309 [(469, 0.16), (215, 0.27), (333, 0.3), (225, 0.47), (477, 0.97), (407, 1.04), (281, 1.1), (107, 1.14), (53, 1.21), (404, 1.33)]
Record = 310 [(473, 0.12), (110, 0.15), (467, 0.16), (332, 0.22), (205, 0.22), (246, 0.38), (486, 0.39), (203, 0.4), (220, 0.42), (151, 0.48)]
Record = 311 [(321, 0.35), (176, 1.09), (492, 1.1), (256, 1.29), (460, 1.32), (115, 1.33), (72, 1.37), (466, 1.39), (415, 1.4), (77, 1.42)]
Record = 312 [(313, 0.06), (502, 0.15), (191, 0.17), (92, 0.18), (270, 0.2), (100, 0.23), (344, 0.24), (390, 0.26), (9, 0.26), (73, 0.27)]
Record = 313 [(312, 0.06), (502, 0.11), (191, 0.13), (100, 0.16), (270, 0.16), (344, 0.2), (390, 0.2), (351, 0.21), (9, 0.22), (92, 0.24)]
Record = 314 [(199, 0.46), (4, 0.47), (283, 0.52), (357, 0.53), (171, 0.59), (320, 0.6), (373, 0.62), (226, 0.64), (248, 0.64), (63, 0.67)]
Record = 315 [(159, 0.09), (190, 0.13), (450, 0.15), (427, 0.19), (316, 0.23), (509, 0.23), (345, 0.25), (263, 0.31), (375, 0.31), (157, 0.32)]
Record = 316 [(450, 0.23), (315, 0.23), (159, 0.31), (190, 0.35), (509, 0.41), (427, 0.42), (345, 0.42), (375, 0.48), (60, 0.51), (263, 0.54)]
Record = 317 [(327, 0.19), (156, 0.21), (13, 0.43), (345, 1.09), (427, 1.16), (263, 1.18), (266, 1.19), (157, 1.19), (375, 1.22), (190, 1.22)]
Record = 318 [(441, 0.25), (264, 0.28), (273, 0.34), (355, 0.4), (212, 0.74), (472, 1.25), (279, 1.26), (81, 1.3), (353, 1.36), (143, 1.38)]
Record = 319 [(485, 0.19), (437, 0.2), (75, 0.43), (374, 1.05), (285, 1.09), (326, 1.11), (372, 1.13), (244, 1.14), (501, 1.21), (223, 1.24)]
Record = 320 [(63, 0.09), (59, 0.13), (171, 0.14), (226, 0.17), (373, 0.17), (357, 0.2), (494, 0.22), (120, 0.23), (87, 0.23), (185, 0.24)]
Record = 321 [(311, 0.35), (77, 1.17), (506, 1.2), (415, 1.2), (160, 1.21), (36, 1.24), (154, 1.24), (466, 1.25), (492, 1.3), (268, 1.35)]
Record = 322 [(178, 0.03), (325, 0.1), (105, 0.12), (106, 0.13), (141, 0.16), (38, 0.22), (433, 0.24), (479, 0.24), (112, 0.25), (269, 0.26)]
Record = 323 [(67, 0.22), (324, 0.28), (297, 0.28), (184, 0.59), (315, 1.14), (440, 1.16), (159, 1.18), (316, 1.19), (450, 1.21), (245, 1.21)]
Record = 324 [(67, 0.19), (323, 0.28), (297, 0.4), (184, 0.59), (450, 1.06), (427, 1.16), (190, 1.22), (315, 1.22), (44, 1.25), (345, 1.26)]
Record = 325 [(178, 0.07), (322, 0.1), (38, 0.11), (106, 0.14), (105, 0.16), (141, 0.16), (433, 0.23), (269, 0.26), (424, 0.29), (434, 0.29)]
Record = 326 [(372, 0.14), (244, 0.21), (285, 0.21), (200, 0.22), (22, 0.24), (213, 0.26), (223, 0.31), (474, 0.34), (34, 0.36), (164, 0.37)]
Record = 327 [(156, 0.12), (317, 0.19), (13, 0.31), (118, 1.11), (263, 1.12), (157, 1.13), (345, 1.15), (266, 1.18), (190, 1.2), (375, 1.22)]
Record = 328 [(142, 0.31), (166, 0.83), (188, 1.01), (113, 1.03), (419, 1.04), (404, 1.04), (117, 1.07), (147, 1.11), (27, 1.13), (179, 1.14)]
Record = 329 [(352, 1.25), (339, 1.35), (440, 1.53), (503, 1.63), (470, 1.77), (476, 2.05), (380, 2.15), (427, 2.17), (287, 2.18), (297, 2.19)]
Record = 330 [(139, 0.78), (136, 0.84), (432, 1.15), (416, 1.17), (5, 1.17), (429, 1.19), (83, 1.2), (487, 1.21), (434, 1.24), (146, 1.25)]
Record = 331 [(385, 1.1), (480, 1.18), (455, 1.21), (40, 1.46), (69, 1.91), (266, 2.02), (159, 2.05), (297, 2.1), (345, 2.12), (190, 2.14)]
Record = 332 [(110, 0.13), (473, 0.15), (310, 0.22), (220, 0.26), (467, 0.31), (205, 0.42), (246, 0.53), (335, 0.56), (486, 0.58), (203, 0.59)]
Record = 333 [(215, 0.07), (225, 0.17), (309, 0.3), (469, 0.36), (477, 1.03), (107, 1.07), (17, 1.13), (53, 1.26), (404, 1.26), (407, 1.34)]
Record = 334 [(343, 0.01), (409, 0.14), (235, 0.2), (423, 0.37), (360, 0.39), (18, 0.4), (340, 0.41), (222, 0.42), (71, 0.43), (305, 0.44)]
Record = 335 [(401, 0.09), (367, 0.09), (486, 0.1), (140, 0.14), (151, 0.19), (449, 0.2), (511, 0.21), (187, 0.23), (229, 0.24), (513, 0.25)]
Record = 336 [(37, 0.36), (218, 0.58), (102, 1.2), (104, 1.27), (412, 1.3), (468, 1.32), (48, 1.37), (353, 1.4), (208, 1.43), (152, 1.44)]
Record = 337 [(153, 1.09), (457, 1.13), (398, 1.23), (303, 1.27), (284, 1.29), (493, 1.29), (471, 1.3), (163, 1.31), (91, 1.33), (410, 1.4)]
Record = 338 [(112, 0.14), (488, 0.2), (240, 0.23), (95, 0.24), (269, 0.27), (434, 0.3), (505, 0.33), (105, 0.33), (5, 0.37), (90, 0.37)]
Record = 339 [(384, 1.2), (176, 1.24), (345, 1.25), (263, 1.3), (375, 1.31), (157, 1.31), (427, 1.32), (118, 1.33), (60, 1.33), (329, 1.35)]
Record = 340 [(491, 0.11), (222, 0.12), (7, 0.13), (389, 0.15), (89, 0.17), (45, 0.17), (369, 0.18), (18, 0.21), (409, 0.26), (423, 0.26)]
Record = 341 [(456, 0.03), (391, 0.12), (290, 0.15), (259, 0.18), (133, 0.18), (498, 0.28), (386, 0.32), (125, 0.34), (14, 0.38), (180, 0.39)]
Record = 342 [(42, 0.11), (435, 0.19), (320, 0.3), (137, 0.3), (171, 0.31), (380, 0.34), (63, 0.37), (357, 0.38), (87, 0.41), (459, 0.42)]
Record = 343 [(334, 0.01), (409, 0.16), (235, 0.21), (423, 0.35), (360, 0.38), (340, 0.39), (18, 0.41), (222, 0.41), (71, 0.42), (305, 0.43)]
Record = 344 [(270, 0.04), (191, 0.13), (70, 0.2), (313, 0.2), (47, 0.21), (376, 0.24), (312, 0.24), (26, 0.24), (92, 0.24), (478, 0.25)]
Record = 345 [(190, 0.13), (263, 0.15), (157, 0.15), (159, 0.17), (375, 0.18), (427, 0.19), (450, 0.2), (118, 0.21), (60, 0.21), (315, 0.25)]
Record = 346 [(13, 2.4), (327, 2.42), (167, 2.43), (156, 2.51), (317, 2.52), (218, 2.54), (438, 2.6), (517, 2.62), (465, 2.65), (396, 2.66)]
Record = 347 [(0, 0.05), (241, 0.07), (179, 0.09), (395, 0.09), (27, 0.1), (147, 0.11), (70, 0.11), (451, 0.11), (376, 0.13), (30, 0.14)]
Record = 348 [(101, 0.11), (501, 0.16), (491, 0.17), (89, 0.22), (340, 0.27), (389, 0.27), (369, 0.28), (45, 0.29), (98, 0.32), (18, 0.34)]
Record = 349 [(307, 0.17), (461, 0.17), (371, 0.19), (347, 0.2), (0, 0.25), (179, 0.26), (395, 0.26), (27, 0.27), (241, 0.27), (147, 0.29)]
Record = 350 [(369, 0.43), (45, 0.45), (7, 0.5), (89, 0.5), (491, 0.54), (389, 0.55), (222, 0.6), (18, 0.61), (340, 0.61), (134, 0.63)]
Record = 351 [(20, 0.17), (478, 0.19), (229, 0.2), (313, 0.21), (100, 0.22), (25, 0.25), (270, 0.27), (86, 0.27), (312, 0.27), (390, 0.3)]
Record = 352 [(440, 0.65), (380, 1.13), (435, 1.18), (329, 1.25), (42, 1.28), (459, 1.29), (102, 1.32), (104, 1.34), (342, 1.34), (427, 1.34)]
Record = 353 [(468, 0.17), (152, 0.2), (472, 0.26), (104, 0.27), (102, 0.31), (412, 0.34), (497, 0.37), (143, 0.44), (279, 0.55), (308, 0.86)]
Record = 354 [(67, 1.29), (324, 1.36), (184, 1.44), (323, 1.51), (297, 1.55), (273, 2.01), (264, 2.08), (355, 2.1), (441, 2.2), (450, 2.3)]
Record = 355 [(273, 0.08), (264, 0.12), (441, 0.25), (318, 0.4), (212, 0.42), (497, 1.18), (143, 1.2), (472, 1.23), (353, 1.3), (279, 1.31)]
Record = 356 [(295, 0.11), (253, 0.21), (57, 0.45), (96, 0.51), (289, 0.55), (129, 0.55), (140, 1.02), (151, 1.03), (367, 1.08), (401, 1.1)]
Record = 357 [(171, 0.06), (283, 0.07), (226, 0.11), (4, 0.11), (199, 0.13), (120, 0.17), (320, 0.2), (373, 0.2), (87, 0.21), (12, 0.24)]
Record = 358 [(440, 1.12), (79, 1.16), (217, 1.22), (515, 1.26), (504, 1.39), (352, 1.4), (405, 1.5), (210, 1.51), (49, 1.53), (231, 1.69)]
Record = 359 [(8, 1.03), (238, 1.08), (378, 1.11), (53, 1.36), (219, 1.37), (116, 1.4), (182, 1.4), (255, 1.41), (407, 1.43), (458, 1.45)]
Record = 360 [(230, 0.06), (71, 0.06), (305, 0.08), (423, 0.1), (7, 0.21), (222, 0.23), (409, 0.25), (45, 0.27), (235, 0.29), (369, 0.29)]
Record = 361 [(83, 0.4), (322, 1.18), (178, 1.21), (464, 1.22), (479, 1.24), (325, 1.27), (105, 1.29), (106, 1.31), (141, 1.33), (112, 1.37)]
Record = 362 [(265, 1.76), (506, 1.79), (139, 2.22), (330, 2.22), (150, 2.42), (426, 2.56), (428, 2.6), (136, 2.61), (294, 2.67), (28, 2.67)]
Record = 363 [(452, 1.63), (446, 1.7), (35, 1.78), (175, 2.1), (123, 2.18), (139, 2.25), (361, 2.28), (479, 2.32), (207, 2.32), (322, 2.33)]
Record = 364 [(40, 1.22), (128, 1.29), (266, 1.31), (323, 1.35), (156, 1.36), (327, 1.37), (317, 1.37), (297, 1.42), (94, 1.51), (496, 1.53)]
Record = 365 [(387, 0.15), (109, 0.8), (18, 1.11), (389, 1.15), (89, 1.2), (45, 1.25), (369, 1.27), (7, 1.29), (340, 1.3), (51, 1.3)]
Record = 366 [(180, 2.06), (391, 2.08), (125, 2.13), (483, 2.16), (14, 2.2), (341, 2.21), (517, 2.22), (498, 2.23), (456, 2.23), (174, 2.23)]
Record = 367 [(401, 0.02), (140, 0.08), (335, 0.09), (449, 0.11), (151, 0.11), (511, 0.13), (513, 0.17), (486, 0.18), (0, 0.19), (347, 0.19)]
Record = 368 [(255, 0.78), (85, 1.22), (458, 1.26), (388, 1.27), (148, 1.29), (64, 1.39), (408, 1.5), (53, 1.55), (262, 1.56), (377, 1.58)]
Record = 369 [(45, 0.02), (7, 0.07), (389, 0.12), (89, 0.12), (491, 0.16), (222, 0.17), (340, 0.18), (18, 0.19), (230, 0.22), (247, 0.23)]
Record = 370 [(437, 1.35), (197, 1.4), (75, 1.48), (485, 1.53), (319, 1.55), (374, 1.59), (305, 2.08), (71, 2.08), (360, 2.12), (41, 2.14)]
Record = 371 [(461, 0.01), (0, 0.19), (246, 0.19), (349, 0.19), (395, 0.2), (27, 0.21), (307, 0.23), (451, 0.23), (347, 0.24), (419, 0.25)]
Record = 372 [(244, 0.1), (326, 0.14), (22, 0.16), (200, 0.18), (474, 0.23), (285, 0.23), (213, 0.25), (223, 0.33), (34, 0.38), (164, 0.51)]
Record = 373 [(320, 0.17), (12, 0.17), (283, 0.18), (63, 0.18), (226, 0.19), (87, 0.19), (357, 0.2), (4, 0.23), (59, 0.24), (199, 0.24)]
Record = 374 [(75, 0.83), (437, 0.85), (485, 1.03), (319, 1.05), (234, 1.1), (237, 1.41), (235, 1.43), (360, 1.47), (305, 1.51), (71, 1.51)]
Record = 375 [(60, 0.02), (118, 0.15), (345, 0.18), (263, 0.23), (159, 0.23), (157, 0.24), (315, 0.31), (190, 0.32), (450, 0.38), (427, 0.38)]
Record = 376 [(70, 0.04), (241, 0.08), (475, 0.08), (47, 0.08), (50, 0.1), (27, 0.1), (26, 0.1), (395, 0.11), (0, 0.12), (46, 0.13)]
Record = 377 [(64, 0.31), (388, 0.31), (162, 0.32), (33, 0.35), (66, 0.4), (252, 0.44), (408, 0.45), (193, 0.5), (262, 0.58), (195, 0.61)]
Record = 378 [(238, 0.02), (8, 0.32), (296, 0.52), (116, 0.7), (182, 0.74), (514, 1.0), (179, 1.02), (147, 1.05), (347, 1.06), (70, 1.07)]
Record = 379 [(298, 1.09), (515, 1.29), (405, 1.42), (394, 1.93), (300, 1.98), (196, 1.99), (383, 2.07), (418, 2.11), (272, 2.17), (458, 2.17)]
Record = 380 [(435, 0.15), (42, 0.27), (459, 0.31), (342, 0.34), (171, 0.4), (199, 0.42), (4, 0.43), (120, 0.43), (494, 0.45), (357, 0.46)]
Record = 381 [(481, 2.77), (224, 2.85), (169, 2.95), (414, 2.97), (516, 3.05), (108, 3.29), (34, 3.66), (469, 3.67), (309, 3.69), (194, 3.7)]
Record = 382 [(39, 0.54), (119, 0.64), (242, 0.68), (421, 0.74), (393, 0.78), (514, 0.8), (97, 0.85), (221, 0.92), (130, 0.98), (294, 1.14)]
Record = 383 [(418, 0.17), (196, 0.21), (82, 0.28), (348, 1.02), (338, 1.05), (515, 1.09), (112, 1.14), (298, 1.14), (101, 1.14), (501, 1.14)]
Record = 384 [(339, 1.2), (317, 2.16), (345, 2.2), (427, 2.2), (36, 2.21), (329, 2.23), (420, 2.24), (327, 2.25), (190, 2.26), (159, 2.3)]
Record = 385 [(480, 0.14), (331, 1.1), (239, 1.1), (266, 1.12), (420, 1.23), (48, 1.29), (440, 1.33), (352, 1.5), (94, 1.79), (43, 1.87)]
Record = 386 [(125, 0.13), (498, 0.14), (290, 0.29), (341, 0.32), (456, 0.34), (391, 0.35), (52, 0.36), (133, 0.4), (180, 0.4), (174, 0.42)]
Record = 387 [(365, 0.15), (109, 0.78), (18, 1.19), (389, 1.25), (340, 1.27), (198, 1.27), (51, 1.28), (491, 1.28), (45, 1.3), (89, 1.3)]
Record = 388 [(64, 0.13), (408, 0.23), (377, 0.31), (262, 0.36), (193, 0.45), (233, 0.5), (162, 0.51), (431, 0.56), (195, 0.57), (252, 0.64)]
Record = 389 [(89, 0.05), (45, 0.1), (369, 0.12), (18, 0.13), (7, 0.14), (340, 0.15), (491, 0.15), (101, 0.19), (422, 0.21), (230, 0.23)]
Record = 390 [(313, 0.2), (100, 0.26), (312, 0.26), (270, 0.26), (344, 0.29), (209, 0.29), (92, 0.3), (351, 0.3), (502, 0.31), (191, 0.32)]
Record = 391 [(341, 0.12), (456, 0.14), (125, 0.22), (290, 0.25), (133, 0.28), (14, 0.29), (259, 0.3), (180, 0.3), (498, 0.31), (386, 0.35)]
Record = 392 [(15, 0.24), (25, 0.42), (229, 0.54), (351, 0.56), (20, 0.62), (267, 0.67), (313, 0.67), (187, 0.69), (390, 0.7), (312, 0.73)]
Record = 393 [(242, 0.15), (119, 0.15), (39, 0.25), (221, 0.46), (130, 0.48), (421, 0.55), (514, 0.61), (294, 0.64), (97, 0.67), (382, 0.78)]
Record = 394 [(300, 1.44), (272, 1.51), (379, 1.93), (515, 1.96), (405, 2.19), (76, 2.28), (55, 2.29), (407, 2.47), (455, 2.51), (281, 2.54)]
Record = 395 [(27, 0.01), (451, 0.05), (0, 0.08), (347, 0.09), (411, 0.1), (419, 0.1), (376, 0.11), (113, 0.12), (30, 0.12), (179, 0.12)]
Record = 396 [(88, 0.21), (177, 0.63), (115, 1.16), (492, 1.18), (72, 1.2), (466, 1.21), (345, 1.23), (77, 1.25), (427, 1.27), (263, 1.29)]
Record = 397 [(444, 1.21), (13, 1.21), (327, 1.23), (317, 1.23), (266, 1.28), (48, 1.29), (156, 1.34), (239, 1.35), (364, 1.6), (40, 1.73)]
Record = 398 [(471, 0.07), (457, 0.15), (153, 0.16), (493, 0.26), (303, 0.42), (478, 1.1), (216, 1.11), (229, 1.13), (351, 1.14), (86, 1.17)]
Record = 399 [(74, 0.26), (326, 1.17), (164, 1.19), (223, 1.23), (34, 1.29), (506, 1.3), (265, 1.31), (372, 1.31), (213, 1.34), (244, 1.38)]
Record = 400 [(386, 0.71), (174, 0.75), (290, 0.82), (125, 0.84), (498, 0.85), (341, 0.97), (133, 0.99), (456, 0.99), (127, 1.01), (391, 1.06)]
Record = 401 [(367, 0.02), (140, 0.08), (335, 0.09), (151, 0.13), (449, 0.14), (511, 0.15), (486, 0.18), (513, 0.19), (0, 0.21), (347, 0.21)]
Record = 402 [(448, 0.32), (286, 0.42), (202, 0.43), (100, 0.57), (478, 0.6), (270, 0.64), (86, 0.66), (502, 0.67), (351, 0.67), (344, 0.68)]
Record = 403 [(431, 0.14), (31, 0.42), (262, 0.45), (193, 0.53), (195, 0.58), (233, 0.58), (408, 0.61), (66, 0.67), (388, 0.69), (64, 0.7)]
Record = 404 [(328, 1.04), (53, 1.13), (142, 1.15), (215, 1.2), (281, 1.24), (333, 1.26), (407, 1.3), (148, 1.31), (309, 1.33), (469, 1.42)]
Record = 405 [(515, 0.28), (300, 1.11), (196, 1.19), (82, 1.22), (418, 1.25), (383, 1.35), (277, 1.42), (379, 1.42), (6, 1.49), (358, 1.5)]
Record = 406 [(49, 2.73), (81, 2.9), (173, 2.95), (2, 3.0), (251, 3.01), (189, 3.02), (37, 3.1), (336, 3.29), (218, 3.39), (210, 3.44)]
Record = 407 [(281, 0.07), (53, 0.18), (261, 0.47), (148, 0.61), (458, 0.64), (270, 0.89), (344, 0.92), (309, 1.04), (313, 1.05), (191, 1.06)]
Record = 408 [(388, 0.23), (262, 0.28), (162, 0.35), (64, 0.36), (193, 0.36), (233, 0.42), (377, 0.45), (431, 0.47), (195, 0.48), (66, 0.57)]
Record = 409 [(334, 0.14), (343, 0.16), (423, 0.22), (235, 0.22), (360, 0.25), (18, 0.25), (340, 0.26), (222, 0.28), (305, 0.29), (71, 0.29)]
Record = 410 [(284, 0.22), (91, 0.7), (163, 0.71), (518, 0.71), (307, 0.97), (445, 0.97), (349, 1.02), (135, 1.07), (30, 1.08), (188, 1.1)]
Record = 411 [(451, 0.07), (27, 0.09), (395, 0.1), (419, 0.1), (113, 0.12), (179, 0.13), (188, 0.13), (1, 0.14), (170, 0.14), (50, 0.15)]
Record = 412 [(102, 0.17), (104, 0.2), (472, 0.3), (353, 0.34), (152, 0.38), (497, 0.4), (468, 0.45), (143, 0.47), (279, 0.58), (308, 0.76)]
Record = 413 [(236, 0.34), (464, 1.1), (499, 1.15), (227, 1.22), (111, 1.3), (416, 1.37), (84, 1.43), (322, 2.05), (178, 2.08), (512, 2.14)]
Record = 414 [(244, 1.17), (285, 1.17), (22, 1.22), (474, 1.23), (372, 1.27), (34, 1.32), (200, 1.37), (326, 1.38), (223, 1.51), (213, 1.52)]
Record = 415 [(77, 0.33), (160, 0.35), (466, 0.35), (154, 0.36), (256, 0.44), (492, 0.5), (72, 0.53), (78, 0.53), (115, 0.61), (165, 0.65)]
Record = 416 [(464, 0.3), (227, 0.42), (38, 1.17), (330, 1.17), (106, 1.19), (325, 1.23), (432, 1.25), (429, 1.27), (178, 1.29), (269, 1.31)]
Record = 417 [(29, 1.31), (516, 1.34), (224, 1.59), (93, 1.86), (158, 2.09), (6, 2.28), (19, 2.37), (515, 2.44), (304, 2.45), (477, 2.49)]
Record = 418 [(383, 0.17), (82, 0.18), (196, 0.26), (515, 0.99), (298, 1.03), (89, 1.08), (491, 1.1), (101, 1.11), (389, 1.13), (369, 1.14)]
Record = 419 [(113, 0.02), (188, 0.04), (27, 0.09), (411, 0.1), (179, 0.1), (147, 0.1), (395, 0.1), (451, 0.15), (172, 0.15), (30, 0.15)]
Record = 420 [(480, 1.15), (385, 1.23), (266, 1.28), (239, 1.28), (48, 1.32), (440, 1.32), (352, 1.43), (43, 1.85), (94, 1.92), (358, 1.97)]
Record = 421 [(514, 0.24), (221, 0.25), (119, 0.4), (39, 0.41), (294, 0.48), (130, 0.49), (393, 0.55), (242, 0.55), (97, 0.56), (382, 0.74)]
Record = 422 [(24, 0.19), (389, 0.21), (89, 0.26), (18, 0.32), (45, 0.32), (369, 0.33), (340, 0.36), (7, 0.36), (491, 0.36), (495, 0.39)]
Record = 423 [(71, 0.09), (305, 0.1), (360, 0.1), (230, 0.14), (409, 0.22), (389, 0.24), (89, 0.24), (340, 0.26), (235, 0.27), (222, 0.28)]
Record = 424 [(141, 0.13), (433, 0.15), (280, 0.19), (269, 0.21), (505, 0.22), (95, 0.24), (434, 0.25), (106, 0.28), (325, 0.29), (322, 0.29)]
Record = 425 [(479, 0.49), (322, 0.72), (178, 0.75), (280, 0.77), (424, 0.77), (141, 0.78), (433, 0.8), (299, 0.8), (488, 0.81), (325, 0.82)]
Record = 426 [(150, 1.14), (314, 1.15), (11, 1.23), (428, 1.3), (160, 1.45), (455, 1.45), (154, 1.49), (65, 1.5), (415, 1.53), (77, 1.57)]
Record = 427 [(190, 0.06), (159, 0.15), (345, 0.19), (315, 0.19), (450, 0.22), (263, 0.25), (157, 0.26), (509, 0.29), (118, 0.32), (375, 0.38)]
Record = 428 [(150, 0.18), (65, 0.45), (482, 1.15), (426, 1.3), (11, 2.28), (204, 2.32), (314, 2.42), (265, 2.53), (250, 2.57), (362, 2.6)]
Record = 429 [(487, 0.15), (5, 0.23), (432, 0.24), (240, 0.33), (38, 0.37), (434, 0.4), (112, 0.4), (269, 0.4), (95, 0.4), (292, 0.45)]
Record = 430 [(196, 1.86), (383, 2.02), (418, 2.08), (146, 2.1), (82, 2.2), (129, 2.6), (123, 2.65), (198, 2.76), (343, 2.76), (405, 2.77)]
Record = 431 [(403, 0.14), (31, 0.31), (262, 0.34), (193, 0.42), (195, 0.47), (408, 0.47), (233, 0.47), (64, 0.56), (66, 0.56), (388, 0.56)]
Record = 432 [(240, 0.17), (434, 0.19), (112, 0.24), (429, 0.24), (106, 0.24), (269, 0.24), (95, 0.24), (90, 0.26), (505, 0.26), (5, 0.32)]
Record = 433 [(141, 0.08), (106, 0.13), (280, 0.14), (424, 0.15), (38, 0.22), (325, 0.23), (322, 0.24), (105, 0.24), (178, 0.25), (269, 0.29)]
Record = 434 [(95, 0.06), (505, 0.07), (112, 0.15), (432, 0.19), (269, 0.2), (141, 0.24), (424, 0.25), (322, 0.29), (325, 0.29), (90, 0.3)]
Record = 435 [(42, 0.12), (380, 0.15), (342, 0.19), (459, 0.23), (171, 0.27), (4, 0.28), (199, 0.3), (283, 0.33), (357, 0.34), (320, 0.39)]
Record = 436 [(475, 0.06), (50, 0.07), (1, 0.11), (70, 0.13), (241, 0.14), (376, 0.14), (47, 0.16), (170, 0.18), (347, 0.19), (26, 0.19)]
Record = 437 [(485, 0.18), (319, 0.2), (75, 0.23), (374, 0.85), (465, 1.11), (348, 1.13), (474, 1.16), (491, 1.17), (101, 1.17), (369, 1.19)]
Record = 438 [(465, 0.18), (16, 1.15), (293, 1.17), (75, 1.21), (508, 1.21), (437, 1.23), (485, 1.29), (288, 1.32), (319, 1.44), (374, 1.75)]
Record = 439 [(122, 0.67), (423, 1.14), (305, 1.17), (30, 1.17), (230, 1.18), (89, 1.18), (71, 1.18), (135, 1.18), (188, 1.19), (340, 1.19)]
Record = 440 [(352, 0.65), (358, 1.12), (316, 1.15), (323, 1.16), (196, 1.2), (357, 1.21), (283, 1.23), (315, 1.23), (418, 1.27), (171, 1.27)]
Record = 441 [(264, 0.13), (273, 0.19), (355, 0.25), (318, 0.25), (212, 0.62), (353, 1.1), (468, 1.18), (472, 1.23), (152, 1.24), (81, 1.3)]
Record = 442 [(419, 1.18), (411, 1.18), (113, 1.19), (9, 1.19), (172, 1.19), (47, 1.2), (50, 1.21), (376, 1.22), (475, 1.22), (188, 1.23)]
Record = 443 [(98, 0.23), (134, 0.27), (247, 0.29), (101, 0.31), (230, 0.32), (305, 0.34), (71, 0.35), (222, 0.36), (7, 0.37), (360, 0.39)]
Record = 444 [(397, 1.21), (266, 2.07), (239, 2.15), (13, 2.17), (327, 2.25), (317, 2.26), (156, 2.26), (48, 2.33), (364, 2.39), (40, 2.52)]
Record = 445 [(518, 0.26), (307, 0.4), (10, 0.45), (170, 0.45), (349, 0.45), (1, 0.48), (260, 0.51), (447, 0.52), (147, 0.54), (186, 0.54)]
Record = 446 [(452, 0.55), (192, 1.18), (155, 1.21), (288, 1.23), (338, 1.29), (484, 1.29), (488, 1.33), (90, 1.36), (112, 1.38), (208, 1.44)]
Record = 447 [(10, 0.17), (436, 0.21), (1, 0.23), (50, 0.24), (475, 0.25), (260, 0.26), (186, 0.26), (70, 0.29), (47, 0.3), (170, 0.32)]
Record = 448 [(402, 0.32), (270, 0.41), (344, 0.42), (286, 0.44), (191, 0.51), (313, 0.53), (312, 0.57), (475, 0.59), (100, 0.6), (70, 0.6)]
Record = 449 [(511, 0.02), (513, 0.05), (86, 0.09), (367, 0.11), (241, 0.13), (401, 0.14), (478, 0.14), (70, 0.19), (209, 0.19), (140, 0.19)]
Record = 450 [(315, 0.15), (190, 0.16), (345, 0.2), (509, 0.21), (427, 0.22), (316, 0.23), (159, 0.24), (263, 0.34), (157, 0.35), (375, 0.38)]
Record = 451 [(395, 0.05), (27, 0.06), (411, 0.07), (0, 0.11), (347, 0.11), (419, 0.15), (376, 0.16), (475, 0.16), (50, 0.17), (113, 0.17)]
Record = 452 [(446, 0.55), (432, 1.07), (484, 1.09), (208, 1.11), (434, 1.12), (293, 1.16), (112, 1.17), (269, 1.17), (95, 1.17), (505, 1.19)]
Record = 453 [(244, 0.43), (474, 0.52), (372, 0.53), (213, 0.53), (22, 0.53), (285, 0.55), (200, 0.62), (326, 0.64), (34, 0.65), (223, 0.76)]
Record = 454 [(155, 1.5), (208, 1.54), (470, 1.78), (189, 2.05), (266, 2.32), (63, 2.38), (41, 2.4), (171, 2.41), (199, 2.41), (314, 2.41)]
Record = 455 [(345, 1.09), (272, 1.18), (263, 1.21), (331, 1.21), (157, 1.22), (190, 1.23), (118, 1.24), (375, 1.25), (159, 1.26), (60, 1.28)]
Record = 456 [(341, 0.03), (391, 0.14), (259, 0.16), (290, 0.18), (133, 0.21), (498, 0.3), (386, 0.34), (125, 0.36), (14, 0.4), (180, 0.41)]
Record = 457 [(153, 0.06), (398, 0.15), (471, 0.17), (303, 0.27), (493, 0.41), (130, 1.09), (401, 1.1), (8, 1.1), (335, 1.11), (449, 1.11)]
Record = 458 [(148, 0.3), (53, 0.56), (407, 0.64), (281, 0.7), (261, 0.9), (461, 0.99), (371, 1.0), (349, 1.04), (205, 1.18), (395, 1.18)]
Record = 459 [(435, 0.23), (380, 0.31), (42, 0.36), (342, 0.42), (199, 0.51), (171, 0.51), (4, 0.52), (357, 0.57), (283, 0.57), (320, 0.62)]
Record = 460 [(274, 0.26), (271, 0.71), (380, 1.08), (435, 1.13), (42, 1.2), (139, 1.26), (342, 1.27), (183, 1.31), (136, 1.31), (311, 1.32)]
Record = 461 [(371, 0.01), (349, 0.17), (395, 0.19), (0, 0.2), (27, 0.2), (246, 0.2), (307, 0.22), (451, 0.22), (347, 0.23), (419, 0.24)]
Record = 462 [(72, 0.87), (115, 0.88), (492, 1.01), (77, 1.09), (78, 1.09), (466, 1.15), (160, 1.17), (237, 1.19), (256, 1.24), (234, 1.25)]
Record = 463 [(108, 1.53), (28, 1.56), (34, 1.81), (361, 1.85), (223, 1.86), (481, 1.92), (167, 1.97), (285, 2.03), (74, 2.04), (22, 2.06)]
Record = 464 [(227, 0.19), (416, 0.3), (322, 1.05), (178, 1.06), (325, 1.08), (413, 1.1), (106, 1.11), (105, 1.12), (141, 1.13), (38, 1.19)]
Record = 465 [(438, 0.18), (437, 1.11), (293, 1.24), (75, 1.28), (485, 1.29), (319, 1.31), (16, 1.33), (508, 1.39), (288, 1.4), (374, 1.8)]
Record = 466 [(77, 0.21), (160, 0.23), (72, 0.28), (415, 0.35), (115, 0.37), (492, 0.38), (154, 0.43), (256, 0.44), (78, 0.62), (165, 0.63)]
Record = 467 [(205, 0.11), (310, 0.16), (473, 0.21), (246, 0.22), (110, 0.23), (486, 0.27), (332, 0.31), (335, 0.32), (140, 0.34), (220, 0.38)]
Record = 468 [(353, 0.17), (472, 0.28), (102, 0.3), (497, 0.37), (152, 0.37), (143, 0.38), (104, 0.45), (412, 0.45), (279, 0.49), (308, 0.79)]
Record = 469 [(309, 0.16), (333, 0.36), (215, 0.43), (225, 0.51), (477, 1.13), (407, 1.2), (281, 1.26), (107, 1.29), (53, 1.37), (194, 1.38)]
Record = 470 [(459, 1.35), (314, 1.58), (435, 1.59), (464, 1.66), (380, 1.67), (342, 1.68), (42, 1.71), (460, 1.72), (329, 1.77), (183, 1.78)]
Record = 471 [(398, 0.07), (457, 0.17), (153, 0.24), (493, 0.33), (303, 0.35), (229, 1.06), (216, 1.11), (20, 1.17), (478, 1.17), (25, 1.19)]
Record = 472 [(497, 0.16), (143, 0.17), (353, 0.26), (468, 0.28), (279, 0.28), (412, 0.3), (102, 0.42), (152, 0.42), (104, 0.5), (308, 1.06)]
Record = 473 [(110, 0.02), (310, 0.12), (332, 0.15), (467, 0.21), (205, 0.32), (220, 0.36), (335, 0.41), (246, 0.43), (486, 0.48), (203, 0.49)]
Record = 474 [(244, 0.13), (372, 0.23), (22, 0.24), (285, 0.26), (34, 0.29), (200, 0.33), (326, 0.34), (223, 0.47), (213, 0.48), (453, 0.52)]
Record = 475 [(436, 0.06), (70, 0.06), (50, 0.07), (376, 0.08), (241, 0.1), (47, 0.1), (26, 0.13), (1, 0.15), (347, 0.15), (46, 0.15)]
Record = 476 [(503, 0.91), (440, 2.02), (329, 2.05), (212, 2.09), (43, 2.1), (352, 2.17), (144, 2.29), (490, 2.35), (185, 2.4), (143, 2.48)]
Record = 477 [(215, 0.97), (309, 0.97), (333, 1.03), (225, 1.09), (469, 1.13), (107, 1.71), (53, 1.77), (404, 1.83), (281, 1.88), (407, 1.94)]
Record = 478 [(86, 0.08), (511, 0.13), (449, 0.14), (513, 0.16), (351, 0.19), (229, 0.2), (270, 0.21), (241, 0.23), (344, 0.25), (313, 0.25)]
Record = 479 [(322, 0.24), (178, 0.27), (141, 0.29), (433, 0.31), (424, 0.32), (325, 0.34), (105, 0.35), (505, 0.35), (106, 0.38), (280, 0.39)]
Record = 480 [(385, 0.14), (420, 1.15), (331, 1.18), (266, 1.19), (239, 1.2), (440, 1.35), (48, 1.38), (352, 1.52), (43, 1.73), (94, 1.77)]
Record = 481 [(169, 1.07), (108, 1.26), (223, 1.7), (34, 1.77), (74, 1.8), (285, 1.8), (22, 1.82), (200, 1.84), (399, 1.86), (164, 1.91)]
Record = 482 [(150, 1.15), (428, 1.15), (65, 1.41), (250, 1.62), (426, 2.29), (454, 2.45), (155, 2.53), (40, 2.64), (81, 2.73), (208, 2.8)]
Record = 483 [(301, 1.23), (161, 1.33), (56, 1.33), (52, 2.09), (125, 2.1), (14, 2.11), (517, 2.13), (386, 2.15), (366, 2.16), (498, 2.19)]
Record = 484 [(452, 1.09), (446, 1.29), (224, 1.38), (228, 1.43), (516, 1.53), (93, 1.54), (189, 1.6), (500, 1.67), (277, 1.83), (112, 1.97)]
Record = 485 [(437, 0.18), (319, 0.19), (75, 0.28), (374, 1.03), (348, 1.09), (372, 1.11), (474, 1.12), (501, 1.16), (244, 1.16), (197, 1.18)]
Record = 486 [(335, 0.1), (140, 0.11), (151, 0.12), (203, 0.16), (401, 0.18), (367, 0.18), (211, 0.23), (246, 0.24), (187, 0.27), (467, 0.27)]
Record = 487 [(429, 0.15), (5, 0.25), (432, 0.33), (292, 0.38), (434, 0.42), (38, 0.45), (106, 0.47), (269, 0.47), (112, 0.48), (95, 0.48)]
Record = 488 [(338, 0.2), (112, 0.21), (95, 0.31), (269, 0.34), (434, 0.37), (192, 0.39), (505, 0.39), (105, 0.4), (299, 0.41), (240, 0.43)]
Record = 489 [(88, 1.31), (68, 1.33), (396, 1.35), (472, 1.37), (353, 1.38), (152, 1.41), (497, 1.42), (468, 1.42), (177, 1.44), (143, 1.45)]
Record = 490 [(185, 0.15), (63, 0.28), (320, 0.29), (59, 0.31), (137, 0.34), (171, 0.4), (226, 0.42), (357, 0.46), (373, 0.46), (120, 0.49)]
Record = 491 [(89, 0.1), (340, 0.11), (389, 0.15), (369, 0.16), (348, 0.17), (45, 0.17), (222, 0.21), (101, 0.21), (18, 0.22), (24, 0.23)]
Record = 492 [(115, 0.34), (256, 0.35), (466, 0.38), (72, 0.38), (160, 0.41), (77, 0.43), (415, 0.5), (154, 0.52), (78, 0.83), (165, 0.85)]
Record = 493 [(398, 0.26), (471, 0.33), (153, 0.34), (457, 0.41), (303, 0.68), (100, 1.11), (478, 1.16), (206, 1.17), (119, 1.17), (502, 1.21)]
Record = 494 [(12, 0.14), (120, 0.15), (226, 0.21), (320, 0.22), (59, 0.22), (171, 0.26), (63, 0.26), (87, 0.28), (373, 0.3), (283, 0.3)]
Record = 495 [(24, 0.2), (134, 0.34), (422, 0.39), (98, 0.4), (247, 0.41), (491, 0.43), (369, 0.46), (443, 0.46), (138, 0.47), (45, 0.47)]
Record = 496 [(364, 1.53), (128, 1.76), (84, 2.01), (418, 2.04), (67, 2.06), (328, 2.06), (298, 2.06), (293, 2.08), (438, 2.09), (452, 2.11)]
Record = 497 [(143, 0.06), (472, 0.16), (279, 0.18), (353, 0.37), (468, 0.37), (412, 0.4), (102, 0.47), (152, 0.53), (104, 0.6), (423, 1.01)]
Record = 498 [(386, 0.14), (125, 0.17), (133, 0.26), (180, 0.26), (52, 0.27), (341, 0.28), (456, 0.3), (391, 0.31), (290, 0.33), (259, 0.36)]
Record = 499 [(111, 0.37), (84, 0.49), (178, 1.09), (325, 1.1), (322, 1.1), (413, 1.15), (38, 1.21), (105, 1.22), (106, 1.23), (141, 1.26)]
Record = 500 [(484, 1.67), (464, 2.5), (363, 2.58), (224, 2.67), (227, 2.67), (452, 2.75), (446, 2.75), (416, 2.78), (454, 2.79), (516, 2.83)]
Record = 501 [(101, 0.15), (348, 0.16), (89, 0.26), (389, 0.3), (491, 0.33), (138, 0.34), (369, 0.37), (45, 0.38), (98, 0.42), (340, 0.43)]
Record = 502 [(100, 0.1), (313, 0.11), (191, 0.13), (312, 0.15), (9, 0.19), (270, 0.23), (344, 0.26), (390, 0.31), (92, 0.31), (436, 0.32)]
Record = 503 [(476, 0.91), (329, 1.63), (440, 1.67), (352, 1.87), (375, 2.21), (60, 2.21), (118, 2.3), (358, 2.31), (455, 2.31), (314, 2.33)]
Record = 504 [(79, 1.23), (29, 1.31), (49, 1.38), (358, 1.39), (126, 2.04), (373, 2.07), (353, 2.14), (12, 2.14), (87, 2.15), (440, 2.16)]
Record = 505 [(434, 0.07), (95, 0.08), (112, 0.18), (424, 0.22), (432, 0.26), (269, 0.28), (141, 0.32), (322, 0.32), (178, 0.33), (338, 0.33)]
Record = 506 [(372, 1.01), (244, 1.11), (326, 1.13), (22, 1.15), (200, 1.17), (321, 1.2), (285, 1.24), (213, 1.24), (474, 1.25), (399, 1.3)]
Record = 507 [(479, 0.53), (58, 0.58), (141, 0.63), (322, 0.64), (433, 0.65), (424, 0.66), (178, 0.67), (105, 0.69), (280, 0.72), (325, 0.74)]
Record = 508 [(16, 0.17), (293, 0.26), (288, 0.53), (230, 1.12), (423, 1.13), (41, 1.14), (360, 1.16), (340, 1.18), (7, 1.18), (389, 1.19)]
Record = 509 [(450, 0.21), (315, 0.23), (190, 0.23), (427, 0.29), (263, 0.31), (159, 0.32), (345, 0.36), (316, 0.41), (157, 0.42), (118, 0.48)]
Record = 510 [(260, 0.12), (209, 0.25), (211, 0.31), (1, 0.33), (447, 0.33), (367, 0.35), (511, 0.35), (513, 0.36), (449, 0.37), (436, 0.37)]
Record = 511 [(449, 0.02), (513, 0.04), (86, 0.08), (241, 0.11), (478, 0.13), (367, 0.13), (401, 0.15), (70, 0.17), (209, 0.17), (347, 0.18)]
Record = 512 [(249, 1.49), (122, 2.14), (413, 2.14), (282, 2.19), (296, 2.2), (98, 2.21), (138, 2.25), (499, 2.29), (134, 2.29), (247, 2.31)]
Record = 513 [(511, 0.04), (449, 0.05), (241, 0.07), (86, 0.09), (70, 0.13), (209, 0.14), (0, 0.15), (376, 0.15), (347, 0.15), (478, 0.16)]
Record = 514 [(421, 0.24), (130, 0.3), (221, 0.36), (97, 0.37), (119, 0.46), (294, 0.47), (39, 0.47), (393, 0.61), (242, 0.61), (382, 0.8)]
Record = 515 [(405, 0.28), (300, 0.88), (82, 0.93), (418, 0.99), (383, 1.09), (196, 1.18), (6, 1.24), (358, 1.26), (379, 1.29), (158, 1.48)]
Record = 516 [(224, 0.31), (417, 1.34), (484, 1.53), (38, 1.99), (325, 2.11), (141, 2.15), (429, 2.16), (106, 2.17), (178, 2.18), (277, 2.19)]
Record = 517 [(168, 1.8), (483, 2.13), (124, 2.13), (391, 2.14), (14, 2.15), (243, 2.21), (366, 2.22), (341, 2.23), (456, 2.26), (287, 2.27)]
Record = 518 [(307, 0.26), (445, 0.26), (349, 0.31), (147, 0.4), (179, 0.42), (46, 0.43), (188, 0.45), (170, 0.46), (461, 0.48), (30, 0.48)]
Record = 519 [(330, 1.28), (304, 1.53), (198, 1.59), (139, 1.96), (136, 2.02), (5, 2.12), (423, 2.13), (305, 2.15), (71, 2.17), (487, 2.18)]
