
Record    Record:Dissimilarity, k = 10
Record = 0 [(347, 0.0), (395, 0.0), (451, 0.0), (241, 0.01), (475, 0.01), (30, 0.01), (70, 0.01), (513, 0.01), (376, 0.01), (27, 0.01)]
Record = 1 [(147, 0.01), (50, 0.01), (475, 0.01), (436, 0.01), (179, 0.01), (170, 0.01), (411, 0.01), (451, 0.01), (347, 0.02), (70, 0.02)]
Record = 2 [(49, 1.08), (468, 1.77), (353, 1.77), (472, 1.77), (37, 1.78), (152, 1.79), (497, 1.8), (143, 1.81), (102, 1.82), (279, 1.82)]
Record = 3 [(183, 1.39), (302, 2.02), (35, 2.05), (123, 2.12), (155, 2.13), (454, 2.21), (314, 2.23), (199, 2.24), (4, 2.24), (283, 2.26)]
Record = 4 [(283, 0.0), (199, 0.0), (357, 0.01), (171, 0.01), (87, 0.02), (373, 0.02), (320, 0.03), (120, 0.03), (63, 0.03), (12, 0.03)]
Record = 5 [(429, 0.01), (487, 0.02), (432, 0.03), (240, 0.04), (112, 0.04), (90, 0.04), (269, 0.04), (434, 0.05), (95, 0.05), (338, 0.05)]
Record = 6 [(158, 0.03), (305, 0.79), (340, 0.79), (222, 0.79), (230, 0.79), (423, 0.79), (360, 0.79), (409, 0.79), (7, 0.79), (71, 0.79)]
Record = 7 [(369, 0.0), (45, 0.0), (340, 0.01), (389, 0.01), (230, 0.01), (89, 0.01), (491, 0.01), (222, 0.01), (18, 0.02), (71, 0.03)]
Record = 8 [(238, 0.09), (378, 0.1), (116, 0.14), (182, 0.14), (296, 0.17), (359, 0.8), (401, 1.0), (130, 1.0), (367, 1.0), (335, 1.0)]
Record = 9 [(241, 0.01), (50, 0.01), (436, 0.01), (475, 0.01), (86, 0.02), (502, 0.02), (209, 0.02), (376, 0.02), (100, 0.02), (513, 0.02)]
Record = 10 [(186, 0.01), (447, 0.01), (1, 0.04), (260, 0.04), (436, 0.05), (170, 0.05), (50, 0.06), (510, 0.06), (475, 0.07), (411, 0.07)]
Record = 11 [(426, 1.03), (165, 1.72), (150, 2.03), (428, 2.03), (314, 2.06), (65, 2.13), (154, 2.18), (415, 2.21), (160, 2.23), (455, 2.24)]
Record = 12 [(226, 0.01), (120, 0.01), (494, 0.01), (171, 0.02), (373, 0.02), (87, 0.02), (283, 0.02), (357, 0.02), (320, 0.03), (4, 0.03)]
Record = 13 [(327, 0.04), (317, 0.05), (156, 0.06), (397, 1.02), (159, 1.02), (266, 1.03), (315, 1.03), (190, 1.03), (427, 1.04), (345, 1.04)]
Record = 14 [(52, 0.02), (391, 0.04), (180, 0.05), (125, 0.05), (341, 0.07), (498, 0.08), (290, 0.08), (456, 0.08), (174, 0.08), (133, 0.08)]
Record = 15 [(392, 0.03), (25, 0.04), (229, 0.05), (20, 0.06), (267, 0.07), (351, 0.07), (203, 0.09), (187, 0.1), (478, 0.1), (335, 0.11)]
Record = 16 [(293, 0.0), (508, 0.01), (288, 0.06), (340, 1.0), (278, 1.01), (7, 1.01), (491, 1.01), (45, 1.01), (222, 1.01), (389, 1.01)]
Record = 17 [(225, 1.0), (333, 1.02), (215, 1.04), (309, 1.1), (469, 1.11), (477, 1.57), (107, 1.86), (458, 2.08), (53, 2.09), (404, 2.09)]
Record = 18 [(340, 0.01), (389, 0.01), (89, 0.01), (369, 0.02), (7, 0.02), (491, 0.02), (45, 0.02), (222, 0.03), (409, 0.04), (230, 0.04)]
Record = 19 [(6, 2.03), (224, 2.04), (417, 2.08), (516, 2.08), (158, 2.11), (146, 2.79), (278, 2.79), (369, 2.79), (441, 2.79), (45, 2.79)]
Record = 20 [(351, 0.01), (229, 0.02), (25, 0.03), (478, 0.03), (100, 0.05), (390, 0.05), (86, 0.05), (313, 0.06), (15, 0.06), (267, 0.06)]
Record = 21 [(243, 0.01), (124, 0.04), (52, 1.02), (14, 1.02), (125, 1.07), (287, 1.07), (174, 1.09), (180, 1.09), (391, 1.1), (386, 1.11)]
Record = 22 [(244, 0.0), (372, 0.01), (200, 0.01), (285, 0.01), (326, 0.02), (474, 0.03), (213, 0.04), (34, 0.05), (223, 0.07), (453, 0.11)]
Record = 23 [(192, 1.02), (213, 1.04), (453, 1.06), (68, 1.11), (200, 1.11), (372, 1.11), (22, 1.12), (244, 1.12), (326, 1.15), (488, 1.16)]
Record = 24 [(422, 0.02), (491, 0.04), (495, 0.04), (369, 0.05), (89, 0.05), (45, 0.05), (101, 0.06), (389, 0.06), (18, 0.06), (348, 0.06)]
Record = 25 [(229, 0.01), (20, 0.03), (15, 0.04), (351, 0.04), (267, 0.05), (203, 0.05), (392, 0.06), (187, 0.07), (335, 0.08), (478, 0.08)]
Record = 26 [(179, 0.0), (147, 0.0), (70, 0.0), (46, 0.0), (47, 0.0), (50, 0.01), (30, 0.01), (376, 0.01), (170, 0.01), (475, 0.01)]
Record = 27 [(411, 0.0), (451, 0.0), (395, 0.0), (0, 0.01), (113, 0.01), (179, 0.01), (376, 0.01), (347, 0.01), (419, 0.01), (30, 0.01)]
Record = 28 [(372, 0.22), (244, 0.22), (474, 0.22), (22, 0.23), (200, 0.23), (285, 0.23), (326, 0.24), (34, 0.25), (223, 0.28), (213, 0.28)]
Record = 29 [(504, 1.04), (417, 1.07), (276, 1.35), (420, 1.8), (2, 2.0), (301, 2.0), (79, 2.0), (358, 2.01), (224, 2.04), (516, 2.08)]
Record = 30 [(0, 0.01), (147, 0.01), (179, 0.01), (70, 0.01), (376, 0.01), (347, 0.01), (27, 0.01), (395, 0.01), (419, 0.01), (47, 0.01)]
Record = 31 [(431, 0.03), (403, 0.05), (262, 0.11), (233, 0.13), (195, 0.14), (193, 0.16), (408, 0.16), (54, 0.26), (64, 0.28), (388, 0.28)]
Record = 32 [(68, 0.1), (380, 1.01), (256, 1.03), (466, 1.03), (115, 1.03), (492, 1.03), (459, 1.03), (435, 1.03), (72, 1.04), (415, 1.05)]
Record = 33 [(377, 0.07), (252, 0.09), (162, 0.11), (64, 0.13), (66, 0.14), (54, 0.15), (388, 0.16), (145, 0.17), (195, 0.17), (408, 0.18)]
Record = 34 [(285, 0.02), (223, 0.02), (244, 0.04), (474, 0.04), (22, 0.05), (326, 0.05), (372, 0.05), (200, 0.06), (164, 0.11), (213, 0.15)]
Record = 35 [(123, 0.11), (192, 1.03), (338, 1.09), (488, 1.09), (265, 1.1), (112, 1.12), (5, 1.12), (90, 1.13), (83, 1.14), (299, 1.15)]
Record = 36 [(268, 0.01), (176, 0.13), (190, 1.0), (450, 1.01), (315, 1.01), (345, 1.01), (427, 1.01), (159, 1.01), (263, 1.03), (157, 1.03)]
Record = 37 [(336, 0.04), (218, 0.2), (353, 1.01), (468, 1.01), (102, 1.02), (48, 1.02), (208, 1.02), (293, 1.03), (472, 1.03), (16, 1.03)]
Record = 38 [(325, 0.01), (106, 0.01), (178, 0.01), (322, 0.02), (105, 0.02), (141, 0.02), (433, 0.03), (269, 0.03), (424, 0.05), (429, 0.05)]
Record = 39 [(119, 0.01), (242, 0.02), (393, 0.02), (421, 0.05), (221, 0.09), (514, 0.11), (130, 0.14), (97, 0.15), (382, 0.15), (294, 0.19)]
Record = 40 [(69, 0.73), (364, 1.02), (94, 1.05), (266, 1.1), (331, 1.11), (327, 1.12), (156, 1.12), (455, 1.14), (13, 1.16), (239, 1.16)]
Record = 41 [(508, 1.01), (16, 1.03), (293, 1.05), (288, 1.13), (230, 2.0), (71, 2.0), (360, 2.0), (305, 2.0), (370, 2.01), (423, 2.01)]
Record = 42 [(435, 0.01), (342, 0.01), (137, 0.03), (320, 0.04), (171, 0.04), (380, 0.04), (59, 0.05), (87, 0.05), (494, 0.05), (63, 0.05)]
Record = 43 [(144, 0.04), (48, 0.27), (239, 0.4), (266, 0.43), (94, 0.6), (128, 1.0), (69, 1.0), (210, 1.2), (37, 1.23), (13, 1.25)]
Record = 44 [(102, 1.01), (104, 1.01), (412, 1.01), (88, 1.03), (324, 1.04), (152, 1.04), (353, 1.06), (396, 1.06), (468, 1.07), (177, 1.08)]
Record = 45 [(369, 0.0), (7, 0.0), (340, 0.01), (389, 0.01), (89, 0.01), (491, 0.01), (222, 0.01), (18, 0.02), (230, 0.03), (101, 0.03)]
Record = 46 [(26, 0.0), (47, 0.0), (419, 0.01), (147, 0.01), (179, 0.01), (70, 0.01), (376, 0.01), (188, 0.01), (170, 0.01), (30, 0.01)]
Record = 47 [(179, 0.0), (70, 0.0), (376, 0.0), (46, 0.0), (47, 0.0), (27, 0.01), (50, 0.01), (147, 0.01), (30, 0.01), (475, 0.01)]
Record = 48 [(239, 0.04), (266, 0.07), (43, 0.27), (144, 0.35), (94, 0.37), (210, 0.82), (208, 1.02), (37, 1.02), (420, 1.03), (397, 1.03)]
Record = 49 [(279, 0.8), (497, 0.81), (143, 0.81), (472, 0.83), (353, 0.9), (468, 0.92), (152, 0.93), (412, 0.96), (102, 0.99), (104, 1.0)]
Record = 50 [(436, 0.0), (475, 0.0), (1, 0.01), (411, 0.01), (70, 0.01), (376, 0.01), (9, 0.01), (170, 0.01), (451, 0.01), (47, 0.01)]
Record = 51 [(340, 1.0), (491, 1.0), (369, 1.01), (389, 1.01), (7, 1.01), (89, 1.01), (45, 1.01), (18, 1.02), (83, 1.02), (222, 1.02)]
Record = 52 [(14, 0.02), (125, 0.04), (180, 0.05), (498, 0.06), (386, 0.07), (391, 0.08), (133, 0.1), (174, 0.11), (341, 0.12), (290, 0.12)]
Record = 53 [(407, 0.02), (281, 0.02), (148, 0.11), (261, 0.11), (458, 0.12), (70, 0.79), (376, 0.79), (26, 0.79), (46, 0.79), (47, 0.79)]
Record = 54 [(145, 0.04), (195, 0.08), (64, 0.15), (33, 0.15), (408, 0.15), (262, 0.16), (193, 0.17), (431, 0.18), (233, 0.19), (388, 0.2)]
Record = 55 [(131, 1.0), (223, 1.0), (34, 1.01), (157, 1.04), (319, 1.04), (118, 1.04), (263, 1.04), (345, 1.04), (427, 1.04), (285, 1.04)]
Record = 56 [(14, 0.79), (52, 0.8), (180, 0.82), (391, 0.83), (125, 0.84), (498, 0.85), (133, 0.86), (341, 0.86), (259, 0.87), (456, 0.87)]
Record = 57 [(295, 0.07), (129, 0.08), (356, 0.09), (96, 0.13), (253, 0.16), (289, 0.17), (85, 0.85), (467, 1.0), (310, 1.01), (473, 1.01)]
Record = 58 [(507, 0.1), (112, 0.22), (434, 0.22), (5, 0.22), (95, 0.22), (432, 0.23), (269, 0.23), (240, 0.23), (90, 0.23), (338, 0.23)]
Record = 59 [(63, 0.0), (320, 0.01), (373, 0.01), (226, 0.02), (137, 0.02), (185, 0.02), (357, 0.03), (87, 0.03), (171, 0.03), (283, 0.04)]
Record = 60 [(375, 0.0), (118, 0.01), (263, 0.02), (345, 0.03), (157, 0.03), (159, 0.04), (190, 0.06), (427, 0.07), (315, 0.09), (450, 0.12)]
Record = 61 [(272, 1.2), (265, 2.02), (8, 2.05), (394, 2.07), (116, 2.14), (182, 2.14), (55, 2.14), (455, 2.14), (258, 2.18), (383, 2.19)]
Record = 62 [(291, 0.04), (257, 0.07), (132, 0.1), (216, 0.1), (206, 0.11), (0, 1.0), (451, 1.01), (388, 1.01), (395, 1.01), (253, 1.01)]
Record = 63 [(320, 0.0), (59, 0.0), (373, 0.01), (226, 0.02), (87, 0.02), (283, 0.02), (137, 0.02), (171, 0.02), (185, 0.02), (357, 0.02)]
Record = 64 [(388, 0.01), (408, 0.04), (377, 0.05), (162, 0.09), (262, 0.12), (33, 0.13), (195, 0.13), (431, 0.13), (193, 0.14), (54, 0.15)]
Record = 65 [(150, 0.1), (428, 0.11), (482, 1.1), (426, 1.11), (250, 2.03), (302, 2.06), (154, 2.12), (11, 2.13), (314, 2.14), (265, 2.19)]
Record = 66 [(193, 0.05), (162, 0.07), (195, 0.08), (233, 0.08), (377, 0.08), (262, 0.1), (408, 0.12), (33, 0.14), (252, 0.14), (145, 0.19)]
Record = 67 [(323, 0.01), (324, 0.02), (297, 0.04), (184, 0.12), (450, 1.01), (315, 1.01), (316, 1.02), (354, 1.02), (190, 1.02), (159, 1.03)]
Record = 68 [(32, 0.1), (306, 1.02), (248, 1.02), (415, 1.03), (489, 1.04), (154, 1.04), (77, 1.04), (160, 1.05), (4, 1.05), (199, 1.05)]
Record = 69 [(40, 0.73), (128, 1.0), (43, 1.0), (144, 1.03), (13, 1.25), (48, 1.27), (397, 1.32), (455, 1.39), (239, 1.4), (331, 1.42)]
Record = 70 [(241, 0.0), (376, 0.0), (26, 0.0), (475, 0.0), (47, 0.0), (347, 0.01), (179, 0.01), (30, 0.01), (27, 0.01), (46, 0.01)]
Record = 71 [(305, 0.0), (230, 0.0), (423, 0.0), (360, 0.0), (222, 0.02), (409, 0.03), (7, 0.03), (443, 0.04), (340, 0.04), (235, 0.04)]
Record = 72 [(115, 0.01), (77, 0.02), (466, 0.03), (160, 0.06), (492, 0.06), (78, 0.07), (256, 0.08), (415, 0.1), (154, 0.15), (165, 0.17)]
Record = 73 [(275, 0.01), (390, 0.04), (312, 0.04), (92, 0.04), (313, 0.05), (502, 0.06), (191, 0.06), (100, 0.07), (351, 0.08), (270, 0.08)]
Record = 74 [(399, 0.02), (164, 1.01), (265, 1.04), (326, 1.06), (223, 1.06), (34, 1.09), (285, 1.09), (207, 1.09), (22, 1.1), (200, 1.11)]
Record = 75 [(437, 0.02), (485, 0.05), (319, 0.1), (374, 0.28), (491, 1.0), (369, 1.01), (340, 1.01), (89, 1.01), (45, 1.01), (389, 1.01)]
Record = 76 [(339, 1.84), (55, 1.84), (258, 1.99), (394, 2.03), (370, 2.07), (300, 2.13), (217, 2.27), (515, 2.31), (379, 2.31), (405, 2.58)]
Record = 77 [(160, 0.01), (466, 0.02), (72, 0.02), (115, 0.04), (415, 0.05), (154, 0.06), (256, 0.08), (492, 0.08), (78, 0.08), (165, 0.13)]
Record = 78 [(72, 0.07), (77, 0.08), (115, 0.1), (466, 0.12), (160, 0.14), (415, 0.16), (165, 0.2), (256, 0.21), (154, 0.22), (492, 0.23)]
Record = 79 [(226, 0.78), (357, 0.78), (320, 0.79), (283, 0.79), (120, 0.79), (63, 0.79), (171, 0.79), (12, 0.79), (373, 0.79), (494, 0.8)]
Record = 80 [(67, 2.01), (323, 2.02), (268, 2.02), (36, 2.03), (181, 2.03), (324, 2.03), (297, 2.03), (354, 2.03), (306, 2.03), (245, 2.04)]
Record = 81 [(441, 1.04), (318, 1.04), (264, 1.05), (273, 1.06), (37, 1.07), (355, 1.09), (336, 1.13), (218, 1.17), (212, 1.33), (239, 2.01)]
Record = 82 [(418, 0.01), (383, 0.05), (196, 0.06), (515, 0.76), (405, 0.89), (300, 0.98), (369, 1.0), (7, 1.0), (45, 1.0), (240, 1.01)]
Record = 83 [(361, 0.07), (112, 1.0), (434, 1.0), (95, 1.0), (505, 1.01), (269, 1.01), (432, 1.02), (51, 1.02), (146, 1.02), (330, 1.02)]
Record = 84 [(111, 0.02), (499, 0.08), (240, 1.01), (432, 1.01), (434, 1.01), (95, 1.01), (505, 1.02), (249, 1.02), (90, 1.02), (269, 1.02)]
Record = 85 [(129, 0.79), (57, 0.85), (356, 0.92), (295, 0.95), (253, 0.95), (368, 1.02), (458, 1.04), (148, 1.08), (289, 1.13), (96, 1.15)]
Record = 86 [(478, 0.0), (511, 0.0), (449, 0.01), (513, 0.01), (209, 0.01), (241, 0.01), (401, 0.02), (367, 0.02), (0, 0.02), (9, 0.02)]
Record = 87 [(283, 0.01), (373, 0.01), (320, 0.02), (4, 0.02), (199, 0.02), (357, 0.02), (171, 0.02), (12, 0.02), (63, 0.02), (494, 0.03)]
Record = 88 [(396, 0.03), (177, 0.05), (72, 1.0), (115, 1.01), (427, 1.01), (450, 1.02), (102, 1.02), (104, 1.02), (152, 1.02), (190, 1.02)]
Record = 89 [(389, 0.0), (369, 0.01), (18, 0.01), (340, 0.01), (7, 0.01), (491, 0.01), (45, 0.01), (101, 0.01), (222, 0.02), (230, 0.03)]
Record = 90 [(240, 0.03), (432, 0.04), (434, 0.04), (5, 0.04), (505, 0.05), (338, 0.05), (112, 0.05), (95, 0.05), (269, 0.07), (429, 0.08)]
Record = 91 [(163, 0.0), (284, 0.26), (135, 0.29), (344, 0.3), (46, 0.31), (270, 0.33), (26, 0.33), (47, 0.34), (188, 0.35), (30, 0.36)]
Record = 92 [(191, 0.01), (312, 0.02), (313, 0.02), (344, 0.03), (275, 0.03), (390, 0.03), (502, 0.03), (270, 0.03), (100, 0.04), (73, 0.04)]
Record = 93 [(484, 1.2), (417, 1.27), (288, 1.8), (446, 1.84), (293, 1.9), (16, 1.91), (508, 1.94), (452, 1.96), (228, 2.01), (405, 2.02)]
Record = 94 [(266, 0.17), (239, 0.25), (48, 0.37), (144, 0.52), (43, 0.6), (40, 1.05), (155, 1.08), (364, 1.09), (440, 1.16), (13, 1.16)]
Record = 95 [(434, 0.0), (505, 0.0), (112, 0.01), (338, 0.01), (269, 0.01), (424, 0.02), (432, 0.03), (240, 0.03), (141, 0.04), (322, 0.04)]
Record = 96 [(295, 0.09), (57, 0.13), (356, 0.15), (289, 0.22), (253, 0.25), (129, 0.29), (303, 1.04), (31, 1.05), (220, 1.05), (203, 1.06)]
Record = 97 [(130, 0.05), (514, 0.05), (221, 0.05), (421, 0.08), (294, 0.08), (39, 0.15), (242, 0.16), (119, 0.16), (393, 0.17), (382, 0.26)]
Record = 98 [(134, 0.01), (247, 0.02), (138, 0.02), (443, 0.02), (495, 0.05), (369, 0.06), (45, 0.06), (101, 0.07), (7, 0.07), (348, 0.07)]
Record = 99 [(66, 0.22), (252, 0.36), (193, 0.39), (162, 0.39), (233, 0.4), (377, 0.45), (262, 0.48), (195, 0.51), (408, 0.55), (33, 0.6)]
Record = 100 [(502, 0.01), (313, 0.01), (270, 0.02), (9, 0.02), (312, 0.02), (191, 0.02), (478, 0.02), (390, 0.02), (344, 0.03), (351, 0.03)]
Record = 101 [(89, 0.01), (348, 0.01), (501, 0.02), (491, 0.02), (369, 0.03), (45, 0.03), (389, 0.03), (340, 0.04), (7, 0.04), (443, 0.05)]
Record = 102 [(104, 0.01), (412, 0.01), (152, 0.04), (468, 0.04), (353, 0.04), (472, 0.08), (497, 0.1), (143, 0.11), (279, 0.18), (308, 0.36)]
Record = 103 [(242, 1.02), (130, 1.03), (393, 1.03), (119, 1.04), (221, 1.04), (294, 1.05), (39, 1.06), (421, 1.08), (97, 1.1), (107, 1.1)]
Record = 104 [(102, 0.01), (412, 0.01), (152, 0.02), (353, 0.04), (468, 0.06), (472, 0.08), (497, 0.12), (143, 0.13), (279, 0.2), (308, 0.36)]
Record = 105 [(178, 0.01), (325, 0.01), (322, 0.01), (141, 0.01), (433, 0.02), (269, 0.02), (38, 0.02), (106, 0.02), (424, 0.03), (280, 0.03)]
Record = 106 [(433, 0.01), (178, 0.01), (325, 0.01), (38, 0.01), (141, 0.01), (424, 0.02), (105, 0.02), (322, 0.02), (269, 0.02), (280, 0.03)]
Record = 107 [(215, 0.79), (333, 0.81), (309, 0.82), (225, 0.85), (469, 0.85), (475, 1.0), (70, 1.0), (376, 1.0), (26, 1.0), (47, 1.0)]
Record = 108 [(169, 0.36), (481, 0.47), (28, 1.03), (463, 1.09), (244, 1.3), (22, 1.3), (200, 1.3), (285, 1.3), (326, 1.31), (372, 1.31)]
Record = 109 [(387, 0.19), (365, 0.19), (501, 1.05), (24, 1.05), (348, 1.05), (495, 1.05), (101, 1.07), (138, 1.08), (197, 1.08), (98, 1.09)]
Record = 110 [(473, 0.0), (310, 0.01), (332, 0.01), (467, 0.02), (205, 0.05), (220, 0.06), (246, 0.08), (335, 0.11), (486, 0.12), (401, 0.14)]
Record = 111 [(84, 0.02), (499, 0.07), (474, 1.0), (112, 1.01), (306, 1.01), (505, 1.01), (236, 1.01), (338, 1.01), (434, 1.01), (95, 1.01)]
Record = 112 [(338, 0.01), (505, 0.01), (95, 0.01), (269, 0.01), (434, 0.01), (488, 0.03), (432, 0.04), (5, 0.04), (178, 0.04), (322, 0.04)]
Record = 113 [(188, 0.0), (419, 0.0), (411, 0.01), (395, 0.01), (147, 0.01), (179, 0.01), (451, 0.01), (172, 0.01), (27, 0.01), (30, 0.01)]
Record = 114 [(166, 1.03), (117, 1.04), (471, 1.04), (398, 1.04), (493, 1.05), (153, 1.09), (457, 1.09), (142, 1.14), (303, 1.15), (328, 1.28)]
Record = 115 [(72, 0.01), (466, 0.04), (492, 0.04), (77, 0.04), (256, 0.06), (160, 0.08), (78, 0.1), (415, 0.11), (154, 0.19), (165, 0.2)]
Record = 116 [(182, 0.0), (296, 0.12), (8, 0.14), (238, 0.23), (378, 0.24), (359, 0.94), (20, 1.0), (54, 1.0), (242, 1.01), (216, 1.02)]
Record = 117 [(166, 0.02), (142, 0.17), (328, 0.38), (392, 1.02), (25, 1.02), (15, 1.02), (229, 1.03), (114, 1.04), (20, 1.05), (351, 1.05)]
Record = 118 [(263, 0.01), (375, 0.01), (60, 0.01), (157, 0.01), (345, 0.02), (190, 0.05), (159, 0.05), (427, 0.06), (315, 0.09), (450, 0.12)]
Record = 119 [(242, 0.01), (39, 0.01), (393, 0.01), (421, 0.06), (221, 0.08), (130, 0.12), (514, 0.12), (97, 0.16), (294, 0.16), (382, 0.17)]
Record = 120 [(226, 0.01), (357, 0.01), (12, 0.01), (494, 0.01), (283, 0.02), (171, 0.02), (320, 0.03), (4, 0.03), (373, 0.03), (87, 0.04)]
Record = 121 [(420, 1.9), (397, 1.96), (379, 2.06), (358, 2.07), (231, 2.09), (301, 2.1), (29, 2.1), (217, 2.11), (201, 2.15), (161, 2.31)]
Record = 122 [(439, 0.16), (312, 1.0), (191, 1.0), (502, 1.01), (313, 1.01), (92, 1.01), (344, 1.02), (98, 1.02), (495, 1.02), (270, 1.02)]
Record = 123 [(35, 0.11), (5, 1.07), (90, 1.08), (387, 1.08), (365, 1.09), (487, 1.1), (429, 1.11), (330, 1.12), (146, 1.13), (240, 1.14)]
Record = 124 [(243, 0.02), (21, 0.04), (14, 1.01), (287, 1.03), (52, 1.05), (391, 1.06), (180, 1.09), (341, 1.1), (456, 1.1), (254, 1.11)]
Record = 125 [(386, 0.01), (498, 0.01), (180, 0.03), (52, 0.04), (391, 0.05), (290, 0.05), (14, 0.05), (174, 0.06), (341, 0.06), (133, 0.06)]
Record = 126 [(459, 1.18), (435, 1.2), (380, 1.2), (504, 1.21), (352, 1.23), (314, 1.23), (104, 1.25), (152, 1.25), (199, 1.25), (4, 1.26)]
Record = 127 [(204, 0.96), (400, 1.0), (386, 1.22), (174, 1.22), (181, 1.23), (125, 1.26), (498, 1.32), (168, 1.33), (290, 1.33), (21, 1.35)]
Record = 128 [(364, 0.63), (69, 1.0), (43, 1.0), (144, 1.04), (67, 1.23), (496, 1.25), (184, 1.25), (13, 1.25), (48, 1.27), (324, 1.29)]
Record = 129 [(57, 0.08), (356, 0.13), (295, 0.16), (253, 0.18), (96, 0.29), (289, 0.41), (85, 0.79), (205, 1.04), (467, 1.06), (349, 1.06)]
Record = 130 [(294, 0.01), (221, 0.03), (97, 0.05), (514, 0.09), (421, 0.1), (393, 0.11), (242, 0.11), (119, 0.12), (39, 0.14), (382, 0.28)]
Record = 131 [(55, 1.0), (223, 1.0), (34, 1.01), (304, 1.04), (285, 1.04), (319, 1.04), (437, 1.05), (326, 1.06), (244, 1.07), (485, 1.07)]
Record = 132 [(206, 0.04), (257, 0.09), (216, 0.1), (62, 0.1), (291, 0.2), (191, 1.0), (312, 1.0), (92, 1.01), (313, 1.01), (296, 1.01)]
Record = 133 [(341, 0.01), (259, 0.02), (456, 0.02), (290, 0.03), (180, 0.03), (391, 0.03), (498, 0.03), (386, 0.06), (125, 0.06), (14, 0.08)]
Record = 134 [(247, 0.0), (98, 0.01), (443, 0.02), (369, 0.04), (45, 0.04), (7, 0.05), (138, 0.05), (222, 0.05), (495, 0.05), (89, 0.07)]
Record = 135 [(30, 0.01), (376, 0.02), (0, 0.03), (241, 0.03), (395, 0.03), (70, 0.03), (347, 0.03), (27, 0.03), (26, 0.03), (47, 0.03)]
Record = 136 [(139, 0.06), (330, 0.23), (479, 1.01), (460, 1.03), (227, 1.04), (322, 1.06), (280, 1.06), (361, 1.06), (141, 1.06), (424, 1.07)]
Record = 137 [(342, 0.02), (59, 0.02), (63, 0.02), (320, 0.03), (185, 0.03), (42, 0.03), (435, 0.05), (171, 0.05), (373, 0.05), (490, 0.05)]
Record = 138 [(98, 0.02), (134, 0.05), (443, 0.05), (501, 0.07), (348, 0.07), (247, 0.08), (101, 0.09), (495, 0.09), (369, 0.12), (491, 0.12)]
Record = 139 [(136, 0.06), (330, 0.22), (479, 1.04), (425, 1.05), (488, 1.06), (361, 1.07), (460, 1.07), (322, 1.08), (299, 1.08), (506, 1.09)]
Record = 140 [(151, 0.0), (367, 0.0), (401, 0.01), (449, 0.01), (211, 0.01), (511, 0.01), (486, 0.01), (335, 0.01), (187, 0.02), (246, 0.02)]
Record = 141 [(433, 0.0), (322, 0.01), (325, 0.01), (424, 0.01), (105, 0.01), (106, 0.01), (178, 0.01), (280, 0.01), (38, 0.02), (269, 0.02)]
Record = 142 [(328, 0.06), (166, 0.1), (117, 0.17), (404, 0.82), (511, 1.0), (0, 1.01), (449, 1.01), (513, 1.01), (367, 1.01), (140, 1.01)]
Record = 143 [(497, 0.0), (472, 0.01), (279, 0.02), (353, 0.06), (412, 0.08), (468, 0.09), (152, 0.09), (102, 0.11), (104, 0.13), (308, 0.71)]
Record = 144 [(43, 0.04), (48, 0.35), (239, 0.43), (266, 0.46), (94, 0.52), (69, 1.03), (128, 1.04), (208, 1.28), (13, 1.28), (440, 1.3)]
Record = 145 [(54, 0.04), (195, 0.07), (193, 0.15), (233, 0.15), (262, 0.17), (33, 0.17), (66, 0.19), (408, 0.21), (431, 0.24), (162, 0.26)]
Record = 146 [(240, 1.0), (432, 1.01), (434, 1.02), (83, 1.02), (90, 1.02), (330, 1.02), (269, 1.02), (95, 1.02), (5, 1.03), (112, 1.03)]
Record = 147 [(179, 0.0), (26, 0.0), (419, 0.01), (46, 0.01), (70, 0.01), (411, 0.01), (188, 0.01), (170, 0.01), (30, 0.01), (47, 0.01)]
Record = 148 [(458, 0.04), (53, 0.11), (281, 0.2), (407, 0.21), (261, 0.28), (307, 0.78), (518, 0.79), (349, 0.79), (461, 0.81), (147, 0.81)]
Record = 149 [(56, 1.38), (174, 1.98), (290, 2.02), (341, 2.08), (391, 2.08), (456, 2.09), (254, 2.1), (14, 2.1), (243, 2.11), (386, 2.11)]
Record = 150 [(428, 0.02), (65, 0.1), (482, 1.01), (426, 1.01), (11, 2.03), (314, 2.03), (265, 2.04), (154, 2.08), (321, 2.08), (204, 2.09)]
Record = 151 [(140, 0.0), (401, 0.01), (211, 0.01), (486, 0.01), (367, 0.01), (511, 0.02), (246, 0.02), (449, 0.02), (187, 0.02), (335, 0.02)]
Record = 152 [(353, 0.01), (104, 0.02), (468, 0.04), (102, 0.04), (412, 0.04), (472, 0.05), (497, 0.08), (143, 0.09), (279, 0.14), (308, 0.39)]
Record = 153 [(457, 0.0), (398, 0.02), (471, 0.03), (493, 0.05), (303, 0.07), (337, 0.54), (401, 1.0), (449, 1.0), (511, 1.0), (367, 1.0)]
Record = 154 [(160, 0.03), (415, 0.05), (77, 0.06), (466, 0.08), (72, 0.15), (256, 0.16), (165, 0.16), (115, 0.19), (492, 0.19), (78, 0.22)]
Record = 155 [(208, 0.15), (189, 0.88), (446, 1.02), (266, 1.04), (314, 1.04), (454, 1.07), (199, 1.07), (4, 1.08), (94, 1.08), (239, 1.09)]
Record = 156 [(327, 0.01), (317, 0.02), (13, 0.06), (157, 1.0), (118, 1.01), (263, 1.01), (345, 1.01), (266, 1.01), (375, 1.02), (60, 1.02)]
Record = 157 [(118, 0.01), (345, 0.01), (263, 0.01), (375, 0.02), (190, 0.02), (159, 0.02), (427, 0.03), (60, 0.03), (315, 0.05), (450, 0.07)]
Record = 158 [(6, 0.03), (305, 0.8), (423, 0.8), (71, 0.8), (360, 0.8), (235, 0.8), (230, 0.81), (343, 0.83), (409, 0.83), (334, 0.83)]
Record = 159 [(345, 0.01), (315, 0.01), (190, 0.01), (450, 0.02), (427, 0.02), (263, 0.02), (157, 0.02), (375, 0.04), (316, 0.04), (509, 0.04)]
Record = 160 [(77, 0.01), (466, 0.02), (154, 0.03), (415, 0.04), (72, 0.06), (115, 0.08), (256, 0.1), (492, 0.1), (165, 0.13), (78, 0.14)]
Record = 161 [(301, 0.1), (483, 1.04), (56, 1.06), (276, 1.35), (14, 1.81), (174, 1.84), (391, 1.84), (290, 1.85), (52, 1.86), (341, 1.87)]
Record = 162 [(377, 0.04), (408, 0.05), (66, 0.07), (388, 0.08), (64, 0.09), (193, 0.09), (262, 0.11), (33, 0.11), (195, 0.12), (233, 0.13)]
Record = 163 [(163, 0.0), (284, 0.26), (135, 0.29), (344, 0.3), (46, 0.31), (270, 0.33), (26, 0.33), (47, 0.34), (30, 0.36), (188, 0.36)]
Record = 164 [(326, 0.06), (223, 0.07), (34, 0.11), (200, 0.11), (285, 0.11), (372, 0.12), (22, 0.12), (244, 0.13), (213, 0.15), (474, 0.22)]
Record = 165 [(160, 0.13), (77, 0.13), (466, 0.15), (415, 0.15), (154, 0.16), (72, 0.17), (115, 0.2), (78, 0.2), (256, 0.21), (492, 0.23)]
Record = 166 [(117, 0.02), (142, 0.1), (328, 0.25), (404, 0.96), (229, 1.01), (20, 1.01), (351, 1.01), (25, 1.02), (114, 1.03), (478, 1.04)]
Record = 167 [(463, 1.35), (244, 2.01), (22, 2.01), (474, 2.01), (285, 2.01), (414, 2.01), (465, 2.02), (83, 2.02), (372, 2.02), (169, 2.02)]
Record = 168 [(517, 1.2), (204, 1.29), (127, 1.33), (366, 1.94), (483, 1.96), (174, 2.11), (21, 2.14), (124, 2.18), (14, 2.18), (243, 2.19)]
Record = 169 [(481, 0.3), (108, 0.36), (474, 1.01), (244, 1.05), (285, 1.05), (34, 1.06), (22, 1.07), (372, 1.07), (506, 1.08), (200, 1.09)]
Record = 170 [(1, 0.01), (50, 0.01), (147, 0.01), (179, 0.01), (475, 0.01), (26, 0.01), (411, 0.01), (188, 0.01), (46, 0.01), (47, 0.01)]
Record = 171 [(357, 0.0), (320, 0.01), (4, 0.01), (199, 0.01), (283, 0.01), (226, 0.02), (373, 0.02), (120, 0.02), (87, 0.02), (63, 0.02)]
Record = 172 [(113, 0.01), (419, 0.01), (70, 0.01), (376, 0.01), (188, 0.01), (27, 0.01), (395, 0.01), (411, 0.01), (451, 0.01), (47, 0.01)]
Record = 173 [(412, 1.01), (273, 1.04), (355, 1.04), (102, 1.04), (274, 1.05), (104, 1.05), (264, 1.05), (497, 1.06), (152, 1.07), (143, 1.07)]
Record = 174 [(290, 0.02), (386, 0.05), (341, 0.06), (391, 0.06), (125, 0.06), (456, 0.07), (133, 0.08), (498, 0.08), (14, 0.08), (180, 0.09)]
Record = 175 [(35, 1.23), (123, 1.43), (363, 1.54), (192, 2.13), (446, 2.16), (3, 2.27), (109, 2.28), (90, 2.31), (338, 2.32), (387, 2.32)]
Record = 176 [(36, 0.13), (268, 0.18), (311, 1.0), (339, 1.02), (263, 1.07), (321, 1.08), (118, 1.08), (427, 1.09), (345, 1.09), (157, 1.09)]
Record = 177 [(88, 0.05), (396, 0.14), (472, 1.0), (497, 1.01), (143, 1.01), (450, 1.02), (353, 1.02), (315, 1.03), (75, 1.03), (152, 1.04)]
Record = 178 [(322, 0.0), (325, 0.0), (38, 0.01), (105, 0.01), (106, 0.01), (141, 0.01), (433, 0.02), (269, 0.02), (424, 0.03), (479, 0.03)]
Record = 179 [(147, 0.0), (26, 0.0), (47, 0.0), (347, 0.01), (46, 0.01), (70, 0.01), (376, 0.01), (27, 0.01), (411, 0.01), (30, 0.01)]
Record = 180 [(498, 0.02), (133, 0.03), (391, 0.03), (125, 0.03), (259, 0.04), (456, 0.04), (386, 0.04), (341, 0.04), (52, 0.05), (14, 0.05)]
Record = 181 [(127, 1.23), (204, 1.76), (318, 2.0), (386, 2.02), (80, 2.03), (498, 2.03), (264, 2.04), (441, 2.04), (125, 2.05), (273, 2.06)]
Record = 182 [(116, 0.0), (8, 0.14), (296, 0.14), (238, 0.23), (378, 0.24), (359, 0.94), (54, 1.0), (20, 1.01), (242, 1.02), (216, 1.02)]
Record = 183 [(171, 1.0), (320, 1.01), (4, 1.02), (357, 1.02), (342, 1.02), (87, 1.02), (42, 1.02), (283, 1.02), (435, 1.02), (63, 1.02)]
Record = 184 [(67, 0.12), (323, 0.13), (324, 0.14), (297, 0.16), (455, 1.06), (354, 1.08), (245, 1.1), (345, 1.11), (190, 1.11), (159, 1.11)]
Record = 185 [(490, 0.01), (59, 0.02), (63, 0.02), (320, 0.03), (137, 0.03), (226, 0.05), (373, 0.05), (171, 0.06), (357, 0.07), (283, 0.08)]
Record = 186 [(10, 0.01), (447, 0.02), (260, 0.04), (1, 0.05), (50, 0.06), (436, 0.06), (170, 0.06), (411, 0.07), (510, 0.07), (451, 0.08)]
Record = 187 [(401, 0.02), (211, 0.02), (511, 0.02), (486, 0.02), (449, 0.02), (335, 0.02), (140, 0.02), (151, 0.02), (367, 0.02), (229, 0.03)]
Record = 188 [(113, 0.0), (419, 0.0), (27, 0.01), (395, 0.01), (179, 0.01), (147, 0.01), (46, 0.01), (411, 0.01), (172, 0.01), (30, 0.01)]
Record = 189 [(155, 0.88), (208, 0.93), (484, 1.11), (79, 1.15), (210, 1.2), (454, 1.8), (266, 1.86), (199, 1.88), (4, 1.88), (314, 1.88)]
Record = 190 [(427, 0.0), (450, 0.01), (345, 0.01), (315, 0.01), (159, 0.01), (263, 0.02), (157, 0.02), (509, 0.03), (375, 0.05), (118, 0.05)]
Record = 191 [(344, 0.01), (502, 0.01), (312, 0.01), (313, 0.01), (92, 0.01), (270, 0.01), (100, 0.02), (390, 0.02), (9, 0.02), (50, 0.04)]
Record = 192 [(488, 0.07), (338, 0.09), (112, 0.12), (90, 0.15), (95, 0.15), (505, 0.16), (434, 0.17), (5, 0.18), (299, 0.18), (269, 0.22)]
Record = 193 [(262, 0.01), (233, 0.01), (195, 0.02), (66, 0.05), (408, 0.05), (162, 0.09), (431, 0.09), (377, 0.11), (403, 0.11), (388, 0.13)]
Record = 194 [(469, 1.04), (309, 1.05), (215, 1.2), (333, 1.21), (225, 1.26), (477, 1.51), (132, 1.83), (206, 1.83), (216, 1.92), (103, 1.94)]
Record = 195 [(193, 0.02), (262, 0.03), (233, 0.03), (408, 0.06), (145, 0.07), (66, 0.08), (54, 0.08), (431, 0.09), (162, 0.12), (403, 0.13)]
Record = 196 [(383, 0.02), (418, 0.03), (82, 0.06), (515, 0.8), (405, 0.83), (90, 1.02), (440, 1.02), (348, 1.02), (298, 1.02), (338, 1.02)]
Record = 197 [(485, 1.01), (319, 1.02), (437, 1.03), (258, 1.04), (370, 1.06), (75, 1.07), (399, 1.08), (109, 1.08), (365, 1.11), (387, 1.12)]
Record = 198 [(387, 1.03), (365, 1.05), (101, 1.06), (348, 1.06), (51, 1.08), (18, 1.08), (89, 1.08), (491, 1.08), (501, 1.08), (389, 1.09)]
Record = 199 [(283, 0.0), (199, 0.0), (357, 0.01), (171, 0.01), (87, 0.02), (320, 0.03), (373, 0.03), (120, 0.04), (63, 0.04), (12, 0.04)]
Record = 200 [(244, 0.01), (22, 0.01), (372, 0.01), (326, 0.02), (285, 0.02), (213, 0.04), (474, 0.05), (34, 0.06), (223, 0.07), (164, 0.11)]
Record = 201 [(231, 1.02), (327, 1.05), (156, 1.05), (13, 1.05), (317, 1.12), (217, 1.25), (210, 1.62), (40, 1.83), (94, 1.86), (364, 1.89)]
Record = 202 [(286, 0.03), (402, 0.08), (448, 0.15), (486, 0.19), (151, 0.19), (140, 0.19), (401, 0.2), (367, 0.2), (335, 0.2), (187, 0.21)]
Record = 203 [(486, 0.01), (335, 0.02), (229, 0.03), (151, 0.03), (187, 0.03), (140, 0.03), (401, 0.04), (367, 0.04), (25, 0.05), (211, 0.06)]
Record = 204 [(127, 0.96), (168, 1.29), (254, 1.3), (290, 1.34), (456, 1.35), (174, 1.35), (391, 1.36), (124, 1.36), (341, 1.37), (259, 1.41)]
Record = 205 [(467, 0.01), (246, 0.02), (310, 0.03), (371, 0.04), (473, 0.04), (349, 0.05), (110, 0.05), (461, 0.05), (140, 0.06), (332, 0.06)]
Record = 206 [(216, 0.03), (132, 0.04), (62, 0.11), (257, 0.14), (291, 0.2), (119, 1.0), (39, 1.0), (390, 1.01), (393, 1.01), (493, 1.01)]
Record = 207 [(399, 1.06), (265, 1.09), (74, 1.09), (35, 1.19), (123, 1.33), (23, 1.37), (299, 2.0), (34, 2.03), (54, 2.04), (499, 2.04)]
Record = 208 [(155, 0.15), (189, 0.93), (452, 1.0), (373, 1.0), (283, 1.0), (357, 1.0), (320, 1.01), (226, 1.01), (171, 1.01), (12, 1.01)]
Record = 209 [(0, 0.01), (513, 0.01), (86, 0.01), (449, 0.01), (241, 0.01), (511, 0.01), (347, 0.02), (436, 0.02), (9, 0.02), (475, 0.02)]
Record = 210 [(48, 0.82), (239, 0.88), (266, 0.89), (358, 1.11), (43, 1.2), (189, 1.2), (94, 1.28), (144, 1.35), (201, 1.62), (352, 1.79)]
Record = 211 [(140, 0.01), (151, 0.01), (401, 0.02), (449, 0.02), (513, 0.02), (0, 0.02), (511, 0.02), (209, 0.02), (187, 0.02), (367, 0.02)]
Record = 212 [(355, 0.09), (273, 0.13), (264, 0.15), (318, 0.2), (441, 0.21), (143, 1.1), (497, 1.12), (279, 1.14), (472, 1.15), (173, 1.17)]
Record = 213 [(372, 0.03), (244, 0.04), (326, 0.04), (22, 0.04), (200, 0.04), (285, 0.07), (453, 0.07), (474, 0.1), (34, 0.15), (164, 0.15)]
Record = 214 [(402, 0.17), (448, 0.22), (286, 0.22), (73, 0.23), (20, 0.24), (351, 0.24), (25, 0.25), (202, 0.25), (229, 0.26), (312, 0.27)]
Record = 215 [(333, 0.0), (225, 0.03), (309, 0.06), (469, 0.1), (477, 0.36), (107, 0.79), (404, 1.01), (53, 1.02), (17, 1.04), (458, 1.05)]
Record = 216 [(206, 0.03), (132, 0.1), (62, 0.1), (291, 0.15), (257, 0.23), (398, 1.0), (471, 1.0), (20, 1.0), (351, 1.0), (229, 1.01)]
Record = 217 [(231, 0.17), (159, 0.8), (345, 0.81), (315, 0.81), (190, 0.81), (450, 0.82), (427, 0.82), (157, 0.83), (263, 0.84), (316, 0.84)]
Record = 218 [(336, 0.16), (37, 0.2), (266, 1.08), (104, 1.11), (152, 1.12), (155, 1.14), (412, 1.14), (239, 1.14), (48, 1.15), (102, 1.16)]
Record = 219 [(242, 0.8), (393, 0.8), (119, 0.8), (39, 0.81), (221, 0.87), (421, 0.88), (130, 0.9), (294, 0.93), (514, 0.94), (97, 0.96)]
Record = 220 [(467, 0.04), (332, 0.04), (486, 0.05), (246, 0.05), (335, 0.05), (310, 0.06), (473, 0.06), (203, 0.06), (110, 0.06), (140, 0.07)]
Record = 221 [(130, 0.03), (421, 0.03), (294, 0.04), (97, 0.05), (514, 0.05), (393, 0.08), (119, 0.08), (242, 0.08), (39, 0.09), (382, 0.22)]
Record = 222 [(369, 0.01), (340, 0.01), (230, 0.01), (7, 0.01), (45, 0.01), (305, 0.02), (389, 0.02), (360, 0.02), (71, 0.02), (491, 0.02)]
Record = 223 [(34, 0.02), (326, 0.04), (285, 0.04), (164, 0.07), (244, 0.07), (200, 0.07), (372, 0.07), (22, 0.07), (474, 0.09), (213, 0.16)]
Record = 224 [(516, 0.07), (484, 1.05), (417, 1.14), (277, 1.57), (433, 1.79), (106, 1.79), (141, 1.79), (424, 1.8), (105, 1.8), (280, 1.8)]
Record = 225 [(333, 0.01), (215, 0.03), (309, 0.09), (469, 0.11), (477, 0.5), (107, 0.85), (17, 1.0), (458, 1.07), (53, 1.08), (404, 1.08)]
Record = 226 [(320, 0.01), (357, 0.01), (120, 0.01), (12, 0.01), (373, 0.01), (171, 0.02), (283, 0.02), (63, 0.02), (59, 0.02), (494, 0.02)]
Record = 227 [(464, 0.02), (416, 0.08), (433, 1.01), (424, 1.01), (141, 1.01), (280, 1.01), (479, 1.02), (413, 1.02), (322, 1.03), (106, 1.03)]
Record = 228 [(484, 1.14), (446, 1.82), (496, 1.9), (84, 1.9), (111, 1.9), (452, 1.95), (93, 2.01), (277, 2.08), (499, 2.11), (404, 2.15)]
Record = 229 [(25, 0.01), (20, 0.02), (351, 0.02), (203, 0.03), (187, 0.03), (478, 0.03), (449, 0.04), (335, 0.04), (486, 0.04), (86, 0.04)]
Record = 230 [(360, 0.0), (71, 0.0), (305, 0.01), (423, 0.01), (7, 0.01), (222, 0.01), (340, 0.02), (389, 0.03), (45, 0.03), (369, 0.03)]
Record = 231 [(217, 0.17), (316, 0.9), (159, 0.92), (375, 0.93), (315, 0.94), (60, 0.94), (157, 0.96), (263, 0.97), (190, 0.97), (345, 0.97)]
Record = 232 [(361, 1.07), (83, 1.09), (280, 2.0), (227, 2.01), (424, 2.02), (433, 2.02), (141, 2.03), (105, 2.04), (106, 2.05), (479, 2.05)]
Record = 233 [(193, 0.01), (262, 0.01), (195, 0.03), (66, 0.08), (408, 0.08), (431, 0.09), (403, 0.1), (31, 0.13), (162, 0.13), (145, 0.15)]
Record = 234 [(237, 0.19), (474, 0.36), (453, 0.43), (34, 0.46), (244, 0.5), (285, 0.5), (372, 0.54), (22, 0.57), (223, 0.59), (326, 0.61)]
Record = 235 [(343, 0.01), (334, 0.01), (409, 0.02), (423, 0.03), (360, 0.03), (305, 0.04), (71, 0.04), (230, 0.05), (222, 0.08), (340, 0.09)]
Record = 236 [(413, 0.05), (111, 1.01), (84, 1.03), (499, 1.04), (464, 1.05), (416, 1.06), (227, 1.07), (83, 2.01), (169, 2.01), (112, 2.01)]
Record = 237 [(234, 0.19), (34, 0.49), (474, 0.55), (223, 0.56), (285, 0.64), (244, 0.69), (372, 0.73), (326, 0.75), (22, 0.76), (453, 0.84)]
Record = 238 [(378, 0.0), (296, 0.09), (8, 0.09), (116, 0.23), (182, 0.23), (359, 0.82), (27, 1.0), (514, 1.0), (179, 1.0), (347, 1.0)]
Record = 239 [(266, 0.02), (48, 0.04), (94, 0.25), (43, 0.4), (144, 0.43), (210, 0.88), (385, 1.01), (208, 1.02), (420, 1.03), (480, 1.03)]
Record = 240 [(432, 0.02), (434, 0.03), (90, 0.03), (269, 0.03), (95, 0.03), (5, 0.04), (505, 0.04), (112, 0.05), (338, 0.05), (429, 0.05)]
Record = 241 [(70, 0.0), (376, 0.0), (347, 0.0), (0, 0.01), (513, 0.01), (475, 0.01), (436, 0.01), (47, 0.01), (395, 0.01), (27, 0.01)]
Record = 242 [(393, 0.01), (119, 0.01), (39, 0.02), (221, 0.08), (421, 0.1), (130, 0.11), (294, 0.13), (97, 0.16), (514, 0.16), (382, 0.19)]
Record = 243 [(21, 0.01), (124, 0.02), (14, 1.0), (52, 1.01), (287, 1.03), (125, 1.04), (391, 1.05), (180, 1.05), (498, 1.07), (386, 1.07)]
Record = 244 [(22, 0.0), (372, 0.01), (326, 0.01), (200, 0.01), (285, 0.01), (474, 0.02), (34, 0.04), (213, 0.04), (223, 0.07), (453, 0.09)]
Record = 245 [(306, 0.04), (323, 1.01), (4, 1.02), (199, 1.02), (111, 1.02), (160, 1.03), (357, 1.03), (283, 1.03), (67, 1.04), (297, 1.04)]
Record = 246 [(401, 0.02), (151, 0.02), (140, 0.02), (205, 0.02), (367, 0.02), (335, 0.03), (211, 0.03), (486, 0.03), (371, 0.03), (467, 0.03)]
Record = 247 [(134, 0.0), (98, 0.02), (443, 0.03), (369, 0.04), (7, 0.04), (45, 0.04), (222, 0.05), (230, 0.06), (89, 0.06), (495, 0.06)]
Record = 248 [(4, 0.07), (199, 0.07), (120, 0.08), (283, 0.08), (357, 0.09), (380, 0.09), (12, 0.09), (171, 0.1), (494, 0.1), (87, 0.11)]
Record = 249 [(422, 1.01), (24, 1.01), (75, 1.01), (369, 1.02), (84, 1.02), (389, 1.02), (89, 1.02), (45, 1.02), (18, 1.03), (491, 1.03)]
Record = 250 [(40, 1.19), (482, 1.2), (426, 1.25), (155, 1.26), (208, 1.62), (69, 1.9), (65, 2.03), (94, 2.07), (189, 2.08), (428, 2.2)]
Record = 251 [(279, 1.22), (318, 1.32), (497, 1.35), (143, 1.35), (472, 1.4), (355, 1.42), (212, 1.45), (273, 1.45), (264, 1.48), (441, 1.55)]
Record = 252 [(33, 0.09), (377, 0.11), (66, 0.14), (162, 0.14), (64, 0.28), (388, 0.28), (408, 0.3), (193, 0.31), (195, 0.34), (99, 0.36)]
Record = 253 [(356, 0.02), (295, 0.04), (57, 0.16), (129, 0.18), (289, 0.18), (96, 0.25), (85, 0.95), (211, 1.01), (221, 1.01), (62, 1.01)]
Record = 254 [(456, 1.0), (259, 1.01), (341, 1.01), (391, 1.01), (290, 1.03), (133, 1.03), (180, 1.06), (498, 1.08), (174, 1.09), (14, 1.1)]
Record = 255 [(368, 0.2), (377, 0.77), (162, 0.79), (64, 0.81), (388, 0.81), (33, 0.81), (408, 0.82), (66, 0.83), (193, 0.85), (195, 0.86)]
Record = 256 [(492, 0.03), (466, 0.05), (115, 0.06), (415, 0.06), (72, 0.08), (77, 0.08), (160, 0.1), (154, 0.16), (165, 0.21), (78, 0.21)]
Record = 257 [(62, 0.07), (132, 0.09), (206, 0.14), (291, 0.16), (216, 0.23), (46, 1.0), (147, 1.01), (188, 1.01), (26, 1.01), (47, 1.01)]
Record = 258 [(197, 1.04), (55, 1.09), (399, 1.11), (74, 1.18), (76, 1.99), (377, 2.0), (22, 2.02), (263, 2.02), (109, 2.02), (200, 2.03)]
Record = 259 [(341, 0.01), (456, 0.01), (391, 0.02), (133, 0.02), (180, 0.04), (290, 0.05), (498, 0.07), (125, 0.1), (14, 0.1), (386, 0.11)]
Record = 260 [(510, 0.01), (1, 0.02), (436, 0.02), (447, 0.02), (50, 0.03), (211, 0.03), (209, 0.03), (451, 0.04), (9, 0.04), (10, 0.04)]
Record = 261 [(407, 0.09), (53, 0.11), (281, 0.11), (458, 0.26), (148, 0.28), (312, 0.82), (260, 0.83), (313, 0.83), (510, 0.84), (447, 0.84)]
Record = 262 [(193, 0.01), (233, 0.01), (195, 0.03), (408, 0.04), (431, 0.05), (403, 0.07), (66, 0.1), (388, 0.11), (31, 0.11), (162, 0.11)]
Record = 263 [(118, 0.01), (375, 0.01), (345, 0.01), (157, 0.01), (427, 0.02), (60, 0.02), (190, 0.02), (159, 0.02), (315, 0.04), (509, 0.06)]
Record = 264 [(273, 0.0), (355, 0.01), (441, 0.01), (318, 0.04), (212, 0.15), (472, 1.01), (497, 1.02), (353, 1.02), (143, 1.02), (152, 1.03)]
Record = 265 [(399, 1.03), (74, 1.04), (207, 1.09), (35, 1.1), (362, 1.19), (123, 1.35), (195, 2.01), (61, 2.02), (326, 2.02), (262, 2.02)]
Record = 266 [(239, 0.02), (48, 0.07), (94, 0.17), (43, 0.43), (144, 0.46), (210, 0.89), (385, 1.01), (327, 1.01), (156, 1.01), (317, 1.02)]
Record = 267 [(25, 0.05), (20, 0.06), (229, 0.07), (15, 0.07), (351, 0.1), (203, 0.12), (478, 0.12), (86, 0.14), (392, 0.14), (335, 0.15)]
Record = 268 [(36, 0.01), (176, 0.18), (315, 1.0), (450, 1.01), (190, 1.01), (159, 1.01), (427, 1.02), (345, 1.02), (316, 1.02), (509, 1.03)]
Record = 269 [(112, 0.01), (434, 0.01), (95, 0.01), (432, 0.02), (178, 0.02), (505, 0.02), (424, 0.02), (105, 0.02), (106, 0.02), (141, 0.02)]
Record = 270 [(344, 0.0), (313, 0.01), (191, 0.01), (100, 0.02), (502, 0.02), (390, 0.02), (312, 0.03), (9, 0.03), (92, 0.03), (478, 0.03)]
Record = 271 [(460, 0.15), (274, 0.17), (199, 1.1), (321, 1.11), (4, 1.11), (171, 1.12), (357, 1.12), (283, 1.12), (183, 1.12), (435, 1.14)]
Record = 272 [(394, 0.95), (455, 1.01), (298, 1.01), (383, 1.01), (418, 1.02), (82, 1.04), (196, 1.04), (55, 1.05), (61, 1.2), (379, 1.79)]
Record = 273 [(264, 0.0), (355, 0.01), (441, 0.02), (318, 0.05), (212, 0.13), (472, 1.01), (497, 1.01), (143, 1.02), (353, 1.03), (152, 1.04)]
Record = 274 [(460, 0.02), (271, 0.17), (342, 1.01), (42, 1.01), (435, 1.02), (183, 1.03), (137, 1.03), (87, 1.04), (380, 1.04), (171, 1.05)]
Record = 275 [(73, 0.01), (92, 0.03), (312, 0.05), (191, 0.06), (502, 0.07), (390, 0.07), (313, 0.07), (344, 0.1), (100, 0.1), (270, 0.1)]
Record = 276 [(301, 1.34), (161, 1.35), (29, 1.35), (477, 2.06), (417, 2.19), (483, 2.27), (309, 2.37), (469, 2.42), (56, 2.45), (215, 2.49)]
Record = 277 [(90, 0.92), (240, 1.02), (192, 1.04), (338, 1.06), (405, 1.07), (5, 1.09), (432, 1.1), (505, 1.1), (95, 1.1), (434, 1.1)]
Record = 278 [(369, 1.0), (293, 1.0), (7, 1.0), (45, 1.0), (16, 1.01), (340, 1.01), (89, 1.01), (491, 1.01), (222, 1.01), (389, 1.01)]
Record = 279 [(497, 0.02), (143, 0.02), (472, 0.03), (353, 0.09), (468, 0.12), (152, 0.14), (412, 0.16), (102, 0.18), (104, 0.2), (308, 0.79)]
Record = 280 [(433, 0.01), (424, 0.01), (141, 0.01), (105, 0.03), (106, 0.03), (322, 0.04), (269, 0.04), (325, 0.05), (178, 0.05), (479, 0.05)]
Record = 281 [(407, 0.0), (53, 0.02), (261, 0.11), (148, 0.2), (458, 0.21), (344, 0.78), (270, 0.78), (191, 0.79), (313, 0.8), (92, 0.81)]
Record = 282 [(102, 1.01), (104, 1.02), (152, 1.04), (468, 1.04), (412, 1.04), (353, 1.05), (441, 1.06), (173, 1.09), (264, 1.09), (472, 1.11)]
Record = 283 [(4, 0.0), (357, 0.0), (199, 0.0), (87, 0.01), (171, 0.01), (373, 0.01), (320, 0.02), (226, 0.02), (63, 0.02), (12, 0.02)]
Record = 284 [(410, 0.02), (518, 0.25), (163, 0.26), (91, 0.26), (307, 0.27), (188, 0.28), (113, 0.3), (135, 0.3), (30, 0.3), (147, 0.31)]
Record = 285 [(22, 0.01), (244, 0.01), (34, 0.02), (372, 0.02), (326, 0.02), (200, 0.02), (474, 0.02), (223, 0.04), (213, 0.07), (164, 0.11)]
Record = 286 [(202, 0.03), (402, 0.06), (448, 0.07), (449, 0.12), (513, 0.12), (86, 0.12), (401, 0.12), (367, 0.12), (511, 0.12), (140, 0.13)]
Record = 287 [(14, 1.02), (243, 1.03), (52, 1.03), (124, 1.03), (180, 1.05), (391, 1.06), (21, 1.07), (259, 1.08), (125, 1.09), (133, 1.09)]
Record = 288 [(293, 0.04), (16, 0.06), (508, 0.09), (18, 1.04), (89, 1.04), (491, 1.04), (446, 1.04), (438, 1.05), (348, 1.05), (101, 1.05)]
Record = 289 [(295, 0.11), (356, 0.15), (57, 0.17), (253, 0.18), (96, 0.22), (129, 0.41), (66, 1.02), (193, 1.06), (233, 1.07), (187, 1.08)]
Record = 290 [(456, 0.01), (341, 0.01), (391, 0.02), (174, 0.02), (133, 0.03), (386, 0.04), (498, 0.04), (259, 0.05), (125, 0.05), (180, 0.06)]
Record = 291 [(62, 0.04), (216, 0.15), (257, 0.16), (132, 0.2), (206, 0.2), (246, 1.01), (130, 1.02), (401, 1.02), (140, 1.02), (367, 1.02)]
Record = 292 [(487, 0.08), (429, 0.09), (5, 0.16), (432, 0.21), (240, 0.22), (38, 0.22), (106, 0.26), (269, 0.27), (90, 0.28), (325, 0.28)]
Record = 293 [(16, 0.0), (508, 0.03), (288, 0.04), (340, 1.0), (278, 1.0), (491, 1.0), (389, 1.01), (369, 1.01), (89, 1.01), (45, 1.01)]
Record = 294 [(130, 0.01), (221, 0.04), (97, 0.08), (242, 0.13), (421, 0.14), (393, 0.14), (514, 0.15), (119, 0.16), (39, 0.19), (382, 0.33)]
Record = 295 [(356, 0.01), (253, 0.04), (57, 0.07), (96, 0.09), (289, 0.11), (129, 0.16), (85, 0.95), (262, 1.0), (294, 1.0), (486, 1.0)]
Record = 296 [(378, 0.09), (238, 0.09), (116, 0.12), (182, 0.14), (8, 0.17), (359, 0.91), (312, 1.01), (132, 1.01), (313, 1.01), (191, 1.01)]
Record = 297 [(323, 0.02), (67, 0.04), (324, 0.05), (184, 0.16), (306, 1.0), (263, 1.01), (345, 1.01), (190, 1.01), (159, 1.01), (315, 1.02)]
Record = 298 [(379, 0.77), (418, 1.0), (272, 1.01), (383, 1.01), (196, 1.02), (82, 1.02), (55, 1.11), (23, 1.23), (515, 1.77), (405, 1.87)]
Record = 299 [(178, 0.04), (322, 0.04), (112, 0.05), (325, 0.05), (488, 0.05), (38, 0.06), (105, 0.06), (338, 0.07), (269, 0.07), (5, 0.08)]
Record = 300 [(515, 0.23), (405, 0.48), (82, 0.98), (418, 1.01), (383, 1.03), (394, 1.06), (196, 1.13), (358, 1.23), (6, 1.28), (379, 1.29)]
Record = 301 [(161, 0.1), (483, 1.02), (56, 1.07), (276, 1.34), (125, 1.79), (386, 1.8), (498, 1.8), (180, 1.82), (52, 1.83), (290, 1.85)]
Record = 302 [(154, 1.05), (160, 1.09), (321, 1.13), (77, 1.15), (466, 1.19), (415, 1.2), (183, 1.24), (165, 1.25), (399, 1.25), (72, 1.27)]
Record = 303 [(457, 0.05), (471, 0.06), (153, 0.07), (398, 0.09), (493, 0.18), (337, 0.92), (233, 1.02), (203, 1.03), (294, 1.03), (335, 1.03)]
Record = 304 [(134, 1.0), (247, 1.0), (105, 1.0), (141, 1.0), (433, 1.01), (178, 1.01), (98, 1.01), (325, 1.01), (106, 1.01), (38, 1.01)]
Record = 305 [(305, 0.0), (360, 0.0), (230, 0.01), (423, 0.01), (222, 0.02), (409, 0.03), (7, 0.03), (443, 0.04), (340, 0.04), (235, 0.04)]
Record = 306 [(245, 0.04), (297, 1.0), (4, 1.01), (199, 1.01), (283, 1.01), (77, 1.01), (111, 1.01), (160, 1.02), (68, 1.02), (323, 1.02)]
Record = 307 [(179, 0.02), (147, 0.02), (170, 0.02), (188, 0.02), (349, 0.02), (30, 0.02), (113, 0.03), (419, 0.03), (411, 0.03), (461, 0.03)]
Record = 308 [(468, 0.31), (102, 0.36), (104, 0.36), (353, 0.37), (152, 0.39), (412, 0.49), (472, 0.56), (497, 0.7), (143, 0.71), (279, 0.79)]
Record = 309 [(469, 0.01), (215, 0.06), (333, 0.07), (225, 0.09), (477, 0.37), (107, 0.82), (407, 1.0), (281, 1.01), (53, 1.02), (194, 1.05)]
Record = 310 [(467, 0.01), (473, 0.01), (110, 0.01), (332, 0.02), (205, 0.03), (220, 0.06), (246, 0.06), (486, 0.1), (335, 0.11), (140, 0.12)]
Record = 311 [(321, 0.07), (176, 1.0), (492, 1.01), (256, 1.02), (115, 1.04), (466, 1.05), (460, 1.05), (72, 1.06), (415, 1.07), (77, 1.08)]
Record = 312 [(313, 0.0), (502, 0.01), (191, 0.01), (100, 0.02), (390, 0.02), (92, 0.02), (9, 0.03), (344, 0.03), (270, 0.03), (478, 0.04)]
Record = 313 [(312, 0.0), (100, 0.01), (502, 0.01), (390, 0.01), (270, 0.01), (191, 0.01), (344, 0.02), (478, 0.02), (9, 0.02), (92, 0.02)]
Record = 314 [(199, 0.15), (4, 0.16), (248, 0.19), (283, 0.2), (380, 0.21), (435, 0.22), (357, 0.22), (171, 0.22), (459, 0.22), (87, 0.25)]
Record = 315 [(450, 0.01), (190, 0.01), (159, 0.01), (427, 0.02), (316, 0.02), (345, 0.03), (509, 0.03), (263, 0.04), (157, 0.05), (375, 0.07)]
Record = 316 [(315, 0.02), (450, 0.04), (159, 0.04), (190, 0.05), (509, 0.06), (427, 0.08), (345, 0.08), (157, 0.11), (263, 0.11), (375, 0.13)]
Record = 317 [(327, 0.01), (156, 0.02), (13, 0.05), (345, 1.0), (427, 1.01), (263, 1.01), (397, 1.02), (266, 1.02), (190, 1.02), (157, 1.02)]
Record = 318 [(264, 0.04), (441, 0.04), (273, 0.05), (355, 0.07), (212, 0.2), (472, 1.02), (279, 1.03), (81, 1.04), (143, 1.05), (353, 1.05)]
Record = 319 [(485, 0.01), (437, 0.03), (75, 0.1), (374, 0.5), (22, 1.01), (372, 1.01), (501, 1.01), (244, 1.01), (326, 1.01), (285, 1.01)]
Record = 320 [(63, 0.0), (226, 0.01), (171, 0.01), (373, 0.01), (357, 0.01), (59, 0.01), (283, 0.02), (87, 0.02), (12, 0.03), (494, 0.03)]
Record = 321 [(311, 0.07), (160, 1.01), (506, 1.01), (466, 1.02), (77, 1.02), (415, 1.02), (36, 1.04), (154, 1.04), (256, 1.06), (72, 1.06)]
Record = 322 [(322, 0.0), (325, 0.01), (105, 0.01), (141, 0.01), (433, 0.02), (38, 0.02), (106, 0.02), (479, 0.02), (269, 0.03), (424, 0.03)]
Record = 323 [(67, 0.01), (297, 0.02), (324, 0.04), (184, 0.13), (245, 1.01), (315, 1.01), (316, 1.01), (159, 1.01), (440, 1.02), (306, 1.02)]
Record = 324 [(67, 0.02), (323, 0.04), (297, 0.05), (184, 0.14), (450, 1.0), (427, 1.01), (315, 1.02), (190, 1.02), (509, 1.03), (159, 1.04)]
Record = 325 [(178, 0.0), (38, 0.01), (105, 0.01), (106, 0.01), (322, 0.01), (141, 0.01), (433, 0.02), (269, 0.02), (424, 0.04), (479, 0.04)]
Record = 326 [(244, 0.01), (372, 0.01), (22, 0.02), (200, 0.02), (285, 0.02), (213, 0.04), (223, 0.04), (34, 0.05), (164, 0.06), (474, 0.06)]
Record = 327 [(156, 0.01), (317, 0.01), (13, 0.04), (118, 1.01), (263, 1.01), (345, 1.01), (266, 1.01), (375, 1.01), (157, 1.01), (60, 1.02)]
Record = 328 [(142, 0.06), (166, 0.25), (117, 0.38), (404, 0.78), (113, 1.0), (419, 1.0), (188, 1.0), (179, 1.01), (147, 1.01), (411, 1.01)]
Record = 329 [(352, 1.04), (339, 1.04), (440, 1.12), (503, 1.14), (470, 1.2), (476, 1.48), (251, 1.77), (358, 1.83), (427, 2.01), (190, 2.02)]
Record = 330 [(139, 0.22), (136, 0.23), (432, 1.01), (5, 1.01), (429, 1.01), (416, 1.02), (146, 1.02), (83, 1.02), (269, 1.02), (519, 1.03)]
Record = 331 [(385, 1.01), (455, 1.01), (480, 1.02), (40, 1.11), (69, 1.42), (266, 2.0), (159, 2.0), (297, 2.01), (190, 2.01), (345, 2.01)]
Record = 332 [(473, 0.01), (110, 0.01), (310, 0.02), (467, 0.03), (220, 0.04), (205, 0.06), (246, 0.09), (486, 0.12), (335, 0.12), (140, 0.15)]
Record = 333 [(215, 0.0), (225, 0.01), (309, 0.07), (469, 0.1), (477, 0.42), (107, 0.81), (17, 1.02), (53, 1.03), (404, 1.03), (458, 1.05)]
Record = 334 [(343, 0.0), (409, 0.01), (235, 0.01), (423, 0.04), (360, 0.05), (71, 0.05), (305, 0.06), (230, 0.06), (340, 0.07), (222, 0.07)]
Record = 335 [(401, 0.01), (486, 0.01), (140, 0.01), (367, 0.01), (449, 0.02), (203, 0.02), (151, 0.02), (187, 0.02), (511, 0.03), (246, 0.03)]
Record = 336 [(37, 0.04), (218, 0.16), (102, 1.02), (104, 1.03), (468, 1.04), (48, 1.05), (152, 1.05), (353, 1.06), (412, 1.06), (239, 1.08)]
Record = 337 [(493, 0.53), (153, 0.54), (398, 0.6), (457, 0.61), (471, 0.71), (303, 0.92), (284, 1.05), (163, 1.1), (410, 1.1), (91, 1.1)]
Record = 338 [(112, 0.01), (95, 0.01), (434, 0.02), (488, 0.02), (505, 0.03), (269, 0.03), (240, 0.05), (5, 0.05), (90, 0.05), (432, 0.06)]
Record = 339 [(384, 1.01), (176, 1.02), (118, 1.04), (263, 1.04), (329, 1.04), (345, 1.04), (427, 1.04), (157, 1.05), (36, 1.06), (190, 1.06)]
Record = 340 [(369, 0.01), (18, 0.01), (389, 0.01), (7, 0.01), (89, 0.01), (491, 0.01), (45, 0.01), (222, 0.01), (230, 0.02), (409, 0.03)]
Record = 341 [(456, 0.0), (290, 0.01), (259, 0.01), (133, 0.01), (391, 0.01), (180, 0.04), (498, 0.04), (386, 0.06), (174, 0.06), (125, 0.06)]
Record = 342 [(435, 0.01), (42, 0.01), (137, 0.02), (320, 0.04), (171, 0.04), (380, 0.04), (63, 0.04), (59, 0.05), (87, 0.05), (459, 0.06)]
Record = 343 [(343, 0.0), (409, 0.01), (235, 0.01), (423, 0.04), (305, 0.05), (360, 0.05), (71, 0.05), (230, 0.06), (340, 0.07), (222, 0.07)]
Record = 344 [(270, 0.0), (191, 0.01), (390, 0.02), (502, 0.02), (313, 0.02), (100, 0.03), (9, 0.03), (312, 0.03), (92, 0.03), (70, 0.04)]
Record = 345 [(263, 0.01), (427, 0.01), (157, 0.01), (190, 0.01), (159, 0.01), (375, 0.02), (118, 0.02), (315, 0.03), (60, 0.03), (450, 0.04)]
Record = 346 [(327, 2.05), (156, 2.08), (167, 2.1), (218, 2.1), (317, 2.1), (13, 2.1), (517, 2.12), (396, 2.14), (81, 2.18), (465, 2.18)]
Record = 347 [(0, 0.0), (241, 0.0), (395, 0.01), (179, 0.01), (70, 0.01), (475, 0.01), (376, 0.01), (30, 0.01), (27, 0.01), (451, 0.01)]
Record = 348 [(101, 0.01), (501, 0.01), (491, 0.02), (89, 0.03), (369, 0.04), (340, 0.04), (45, 0.04), (7, 0.05), (389, 0.05), (222, 0.05)]
Record = 349 [(371, 0.01), (461, 0.01), (307, 0.02), (0, 0.04), (27, 0.04), (179, 0.04), (518, 0.04), (347, 0.04), (395, 0.04), (30, 0.04)]
Record = 350 [(369, 0.17), (389, 0.17), (7, 0.17), (89, 0.17), (491, 0.17), (45, 0.17), (340, 0.18), (222, 0.18), (101, 0.18), (18, 0.19)]
Record = 351 [(20, 0.01), (478, 0.01), (229, 0.02), (100, 0.03), (86, 0.03), (313, 0.03), (312, 0.04), (25, 0.04), (187, 0.04), (390, 0.04)]
Record = 352 [(440, 0.26), (358, 0.9), (435, 1.01), (380, 1.01), (104, 1.03), (342, 1.03), (42, 1.03), (459, 1.03), (102, 1.03), (329, 1.04)]
Record = 353 [(468, 0.01), (152, 0.01), (472, 0.02), (102, 0.04), (104, 0.04), (412, 0.05), (497, 0.06), (143, 0.06), (279, 0.09), (308, 0.37)]
Record = 354 [(67, 1.02), (324, 1.04), (323, 1.06), (184, 1.08), (297, 1.1), (273, 2.0), (264, 2.0), (355, 2.01), (441, 2.02), (80, 2.03)]
Record = 355 [(273, 0.01), (264, 0.01), (441, 0.05), (318, 0.07), (212, 0.09), (497, 1.01), (143, 1.01), (472, 1.02), (279, 1.04), (173, 1.04)]
Record = 356 [(295, 0.01), (253, 0.02), (57, 0.09), (129, 0.13), (96, 0.15), (289, 0.15), (85, 0.92), (151, 1.0), (140, 1.0), (367, 1.01)]
Record = 357 [(171, 0.0), (283, 0.0), (320, 0.01), (226, 0.01), (4, 0.01), (199, 0.01), (120, 0.01), (373, 0.02), (12, 0.02), (63, 0.02)]
Record = 358 [(440, 0.82), (352, 0.9), (79, 1.01), (515, 1.02), (217, 1.02), (504, 1.04), (405, 1.08), (49, 1.08), (210, 1.11), (231, 1.19)]
Record = 359 [(8, 0.8), (378, 0.82), (238, 0.82), (296, 0.91), (116, 0.94), (182, 0.94), (53, 1.06), (458, 1.06), (255, 1.06), (407, 1.09)]
Record = 360 [(305, 0.0), (230, 0.0), (71, 0.0), (423, 0.01), (222, 0.02), (235, 0.03), (7, 0.03), (409, 0.03), (340, 0.04), (45, 0.04)]
Record = 361 [(83, 0.07), (464, 1.01), (178, 1.01), (322, 1.01), (141, 1.02), (325, 1.02), (105, 1.02), (479, 1.02), (38, 1.03), (106, 1.04)]
Record = 362 [(265, 1.19), (506, 1.23), (139, 1.34), (330, 1.48), (136, 1.58), (150, 2.15), (271, 2.16), (426, 2.16), (428, 2.17), (28, 2.17)]
Record = 363 [(452, 1.13), (446, 1.21), (35, 1.24), (123, 1.43), (175, 1.54), (484, 1.87), (500, 1.94), (139, 2.02), (479, 2.03), (361, 2.03)]
Record = 364 [(128, 0.63), (40, 1.02), (266, 1.04), (327, 1.05), (156, 1.05), (297, 1.06), (323, 1.08), (317, 1.08), (94, 1.09), (13, 1.09)]
Record = 365 [(387, 0.01), (109, 0.19), (18, 1.0), (389, 1.02), (89, 1.02), (51, 1.03), (340, 1.03), (491, 1.03), (369, 1.04), (45, 1.04)]
Record = 366 [(483, 1.81), (180, 1.86), (168, 1.94), (174, 1.96), (391, 2.01), (456, 2.02), (498, 2.02), (341, 2.02), (290, 2.02), (125, 2.02)]
Record = 367 [(401, 0.0), (140, 0.0), (513, 0.01), (449, 0.01), (511, 0.01), (151, 0.01), (335, 0.01), (211, 0.02), (187, 0.02), (486, 0.02)]
Record = 368 [(255, 0.2), (388, 0.86), (64, 0.91), (408, 0.91), (377, 0.92), (162, 0.95), (403, 0.97), (262, 1.0), (193, 1.02), (85, 1.02)]
Record = 369 [(369, 0.0), (7, 0.0), (340, 0.01), (389, 0.01), (89, 0.01), (491, 0.01), (222, 0.01), (18, 0.02), (230, 0.03), (101, 0.03)]
Record = 370 [(437, 1.05), (197, 1.06), (485, 1.08), (75, 1.08), (319, 1.1), (374, 1.16), (305, 2.0), (71, 2.0), (41, 2.01), (423, 2.01)]
Record = 371 [(461, 0.0), (349, 0.01), (0, 0.02), (27, 0.02), (451, 0.02), (395, 0.02), (246, 0.03), (307, 0.03), (347, 0.03), (30, 0.03)]
Record = 372 [(244, 0.01), (326, 0.01), (22, 0.01), (200, 0.01), (285, 0.02), (474, 0.03), (213, 0.03), (34, 0.05), (223, 0.07), (453, 0.09)]
Record = 373 [(320, 0.01), (226, 0.01), (59, 0.01), (87, 0.01), (283, 0.01), (63, 0.01), (4, 0.02), (357, 0.02), (171, 0.02), (12, 0.02)]
Record = 374 [(75, 0.28), (437, 0.32), (485, 0.41), (319, 0.5), (234, 1.0), (235, 1.06), (360, 1.09), (334, 1.09), (343, 1.1), (409, 1.1)]
Record = 375 [(60, 0.0), (118, 0.01), (263, 0.01), (345, 0.02), (157, 0.02), (159, 0.04), (190, 0.05), (427, 0.06), (315, 0.07), (450, 0.11)]
Record = 376 [(241, 0.0), (475, 0.0), (70, 0.0), (47, 0.0), (347, 0.01), (50, 0.01), (179, 0.01), (26, 0.01), (27, 0.01), (395, 0.01)]
Record = 377 [(162, 0.04), (64, 0.05), (388, 0.05), (408, 0.06), (33, 0.07), (66, 0.08), (193, 0.11), (252, 0.11), (195, 0.13), (262, 0.13)]
Record = 378 [(238, 0.0), (296, 0.09), (8, 0.1), (116, 0.24), (182, 0.24), (359, 0.82), (514, 1.0), (179, 1.0), (147, 1.0), (30, 1.0)]
Record = 379 [(298, 0.77), (515, 1.03), (405, 1.06), (300, 1.29), (394, 1.3), (418, 1.77), (196, 1.77), (383, 1.77), (272, 1.79), (82, 1.8)]
Record = 380 [(435, 0.01), (459, 0.03), (342, 0.04), (42, 0.04), (171, 0.06), (87, 0.08), (4, 0.08), (357, 0.08), (199, 0.08), (283, 0.08)]
Record = 381 [(481, 2.04), (169, 2.25), (414, 2.25), (224, 2.34), (108, 2.4), (516, 2.67), (223, 3.13), (463, 3.15), (34, 3.16), (200, 3.16)]
Record = 382 [(39, 0.15), (119, 0.17), (421, 0.18), (242, 0.19), (393, 0.19), (514, 0.22), (221, 0.22), (97, 0.26), (130, 0.28), (294, 0.33)]
Record = 383 [(418, 0.02), (196, 0.02), (82, 0.05), (515, 0.81), (405, 0.9), (338, 1.0), (348, 1.0), (112, 1.01), (272, 1.01), (501, 1.01)]
Record = 384 [(339, 1.01), (427, 2.01), (317, 2.01), (36, 2.02), (329, 2.02), (327, 2.02), (345, 2.02), (190, 2.02), (263, 2.03), (420, 2.03)]
Record = 385 [(480, 0.01), (420, 1.01), (266, 1.01), (331, 1.01), (239, 1.01), (48, 1.03), (440, 1.04), (352, 1.11), (94, 1.2), (43, 1.35)]
Record = 386 [(498, 0.01), (125, 0.01), (180, 0.04), (290, 0.04), (174, 0.05), (133, 0.06), (341, 0.06), (391, 0.06), (456, 0.07), (52, 0.07)]
Record = 387 [(365, 0.01), (109, 0.19), (18, 1.02), (198, 1.03), (51, 1.04), (340, 1.04), (389, 1.04), (89, 1.04), (491, 1.04), (409, 1.06)]
Record = 388 [(64, 0.01), (408, 0.03), (377, 0.05), (162, 0.08), (262, 0.11), (193, 0.13), (431, 0.13), (195, 0.15), (403, 0.15), (33, 0.16)]
Record = 389 [(89, 0.0), (369, 0.01), (18, 0.01), (340, 0.01), (7, 0.01), (491, 0.01), (45, 0.01), (222, 0.02), (101, 0.03), (230, 0.03)]
Record = 390 [(313, 0.01), (344, 0.02), (100, 0.02), (502, 0.02), (312, 0.02), (270, 0.02), (191, 0.02), (478, 0.03), (92, 0.03), (351, 0.04)]
Record = 391 [(341, 0.01), (456, 0.01), (290, 0.02), (259, 0.02), (180, 0.03), (133, 0.03), (498, 0.04), (14, 0.04), (125, 0.05), (174, 0.06)]
Record = 392 [(15, 0.03), (25, 0.06), (229, 0.08), (20, 0.11), (203, 0.12), (351, 0.13), (267, 0.14), (187, 0.14), (335, 0.16), (486, 0.17)]
Record = 393 [(242, 0.01), (119, 0.01), (39, 0.02), (221, 0.08), (421, 0.09), (130, 0.11), (294, 0.14), (514, 0.15), (97, 0.17), (382, 0.19)]
Record = 394 [(272, 0.95), (300, 1.06), (515, 1.3), (379, 1.3), (405, 1.58), (55, 1.84), (455, 1.95), (383, 2.0), (82, 2.03), (298, 2.03)]
Record = 395 [(0, 0.0), (395, 0.0), (451, 0.0), (113, 0.01), (179, 0.01), (376, 0.01), (347, 0.01), (411, 0.01), (419, 0.01), (30, 0.01)]
Record = 396 [(88, 0.03), (177, 0.14), (115, 1.01), (492, 1.01), (466, 1.02), (72, 1.02), (256, 1.03), (427, 1.03), (345, 1.04), (77, 1.04)]
Record = 397 [(327, 1.02), (444, 1.02), (317, 1.02), (13, 1.02), (48, 1.03), (156, 1.03), (266, 1.03), (239, 1.04), (364, 1.12), (40, 1.22)]
Record = 398 [(471, 0.01), (457, 0.02), (153, 0.02), (493, 0.02), (303, 0.09), (337, 0.6), (216, 1.0), (351, 1.01), (229, 1.01), (478, 1.01)]
Record = 399 [(74, 0.02), (164, 1.02), (326, 1.02), (223, 1.02), (265, 1.03), (506, 1.04), (285, 1.04), (34, 1.05), (200, 1.05), (372, 1.05)]
Record = 400 [(386, 0.22), (174, 0.22), (125, 0.26), (498, 0.32), (290, 0.33), (52, 0.37), (14, 0.42), (133, 0.44), (391, 0.44), (180, 0.44)]
Record = 401 [(401, 0.0), (449, 0.01), (335, 0.01), (140, 0.01), (151, 0.01), (511, 0.01), (211, 0.02), (187, 0.02), (513, 0.02), (486, 0.02)]
Record = 402 [(448, 0.03), (286, 0.06), (202, 0.08), (214, 0.17), (100, 0.21), (478, 0.21), (270, 0.22), (502, 0.22), (313, 0.22), (351, 0.22)]
Record = 403 [(431, 0.02), (31, 0.05), (262, 0.07), (408, 0.09), (233, 0.1), (193, 0.11), (195, 0.13), (388, 0.15), (64, 0.17), (162, 0.24)]
Record = 404 [(328, 0.78), (142, 0.82), (166, 0.96), (53, 1.01), (215, 1.01), (333, 1.03), (281, 1.04), (407, 1.04), (309, 1.05), (148, 1.07)]
Record = 405 [(515, 0.06), (300, 0.48), (196, 0.83), (418, 0.86), (82, 0.89), (383, 0.9), (379, 1.06), (277, 1.07), (358, 1.08), (6, 1.09)]
Record = 406 [(81, 2.2), (49, 2.23), (189, 2.41), (37, 2.42), (2, 2.47), (173, 2.48), (218, 2.69), (336, 2.75), (251, 2.8), (210, 2.93)]
Record = 407 [(281, 0.0), (53, 0.02), (261, 0.09), (148, 0.21), (458, 0.21), (344, 0.78), (270, 0.78), (313, 0.79), (191, 0.79), (390, 0.8)]
Record = 408 [(388, 0.03), (64, 0.04), (262, 0.04), (193, 0.05), (162, 0.05), (195, 0.06), (377, 0.06), (431, 0.07), (233, 0.08), (403, 0.09)]
Record = 409 [(343, 0.01), (334, 0.01), (423, 0.02), (235, 0.02), (305, 0.03), (340, 0.03), (222, 0.03), (230, 0.03), (360, 0.03), (71, 0.03)]
Record = 410 [(284, 0.02), (518, 0.23), (307, 0.29), (188, 0.35), (147, 0.36), (349, 0.36), (30, 0.36), (113, 0.37), (135, 0.37), (419, 0.38)]
Record = 411 [(27, 0.0), (451, 0.0), (113, 0.01), (50, 0.01), (395, 0.01), (179, 0.01), (1, 0.01), (170, 0.01), (188, 0.01), (419, 0.01)]
Record = 412 [(102, 0.01), (104, 0.01), (152, 0.04), (353, 0.05), (497, 0.07), (472, 0.07), (468, 0.07), (143, 0.08), (279, 0.16), (308, 0.49)]
Record = 413 [(236, 0.05), (464, 1.0), (499, 1.01), (227, 1.02), (416, 1.05), (111, 1.06), (84, 1.08), (322, 2.0), (178, 2.0), (105, 2.01)]
Record = 414 [(244, 1.01), (285, 1.01), (22, 1.02), (474, 1.02), (372, 1.03), (200, 1.03), (326, 1.04), (34, 1.05), (213, 1.07), (223, 1.08)]
Record = 415 [(466, 0.03), (160, 0.04), (154, 0.05), (77, 0.05), (256, 0.06), (492, 0.09), (72, 0.1), (115, 0.11), (165, 0.15), (78, 0.16)]
Record = 416 [(464, 0.03), (227, 0.08), (38, 1.01), (106, 1.01), (325, 1.02), (330, 1.02), (269, 1.02), (432, 1.03), (178, 1.03), (429, 1.03)]
Record = 417 [(516, 1.04), (29, 1.07), (224, 1.14), (93, 1.27), (304, 1.89), (158, 2.0), (6, 2.02), (19, 2.08), (515, 2.08), (484, 2.09)]
Record = 418 [(82, 0.01), (383, 0.02), (196, 0.03), (515, 0.77), (405, 0.86), (89, 1.0), (298, 1.0), (491, 1.0), (95, 1.01), (101, 1.01)]
Record = 419 [(188, 0.0), (419, 0.0), (411, 0.01), (395, 0.01), (147, 0.01), (179, 0.01), (451, 0.01), (172, 0.01), (27, 0.01), (30, 0.01)]
Record = 420 [(480, 1.01), (385, 1.01), (266, 1.02), (48, 1.03), (239, 1.03), (440, 1.07), (352, 1.09), (94, 1.25), (43, 1.29), (144, 1.35)]
Record = 421 [(514, 0.03), (221, 0.03), (39, 0.05), (119, 0.06), (97, 0.08), (393, 0.09), (130, 0.1), (242, 0.1), (294, 0.14), (382, 0.18)]
Record = 422 [(24, 0.02), (389, 0.04), (89, 0.04), (369, 0.05), (18, 0.05), (491, 0.05), (45, 0.05), (495, 0.06), (340, 0.07), (7, 0.07)]
Record = 423 [(71, 0.0), (305, 0.01), (230, 0.01), (360, 0.01), (409, 0.02), (7, 0.03), (340, 0.03), (235, 0.03), (222, 0.03), (343, 0.04)]
Record = 424 [(433, 0.01), (280, 0.01), (141, 0.01), (434, 0.02), (505, 0.02), (106, 0.02), (95, 0.02), (269, 0.02), (105, 0.03), (322, 0.03)]
Record = 425 [(479, 0.12), (488, 0.19), (322, 0.22), (424, 0.23), (178, 0.24), (141, 0.25), (105, 0.25), (505, 0.25), (280, 0.25), (112, 0.26)]
Record = 426 [(150, 1.01), (314, 1.01), (11, 1.03), (428, 1.04), (154, 1.07), (160, 1.1), (455, 1.1), (415, 1.1), (65, 1.11), (466, 1.14)]
Record = 427 [(190, 0.0), (345, 0.01), (450, 0.02), (263, 0.02), (315, 0.02), (159, 0.02), (509, 0.03), (157, 0.03), (375, 0.06), (118, 0.06)]
Record = 428 [(150, 0.02), (65, 0.11), (482, 1.02), (426, 1.04), (11, 2.03), (204, 2.04), (314, 2.08), (265, 2.1), (154, 2.16), (302, 2.17)]
Record = 429 [(5, 0.01), (487, 0.01), (432, 0.04), (240, 0.05), (38, 0.05), (269, 0.06), (325, 0.07), (434, 0.08), (112, 0.08), (106, 0.08)]
Record = 430 [(196, 1.34), (383, 1.47), (418, 1.48), (146, 1.49), (82, 1.57), (405, 2.07), (129, 2.13), (123, 2.13), (35, 2.23), (343, 2.24)]
Record = 431 [(403, 0.02), (31, 0.03), (262, 0.05), (408, 0.07), (193, 0.09), (195, 0.09), (233, 0.09), (64, 0.13), (388, 0.13), (54, 0.18)]
Record = 432 [(240, 0.02), (434, 0.02), (269, 0.02), (5, 0.03), (505, 0.03), (95, 0.03), (112, 0.04), (90, 0.04), (424, 0.04), (106, 0.04)]
Record = 433 [(141, 0.0), (280, 0.01), (424, 0.01), (106, 0.01), (178, 0.02), (325, 0.02), (105, 0.02), (322, 0.02), (38, 0.03), (269, 0.03)]
Record = 434 [(505, 0.0), (95, 0.0), (112, 0.01), (269, 0.01), (432, 0.02), (338, 0.02), (424, 0.02), (240, 0.03), (141, 0.04), (322, 0.04)]
Record = 435 [(342, 0.01), (42, 0.01), (380, 0.01), (459, 0.03), (171, 0.04), (137, 0.05), (320, 0.06), (4, 0.06), (87, 0.06), (63, 0.06)]
Record = 436 [(50, 0.0), (475, 0.0), (1, 0.01), (451, 0.01), (70, 0.01), (241, 0.01), (376, 0.01), (9, 0.01), (411, 0.01), (47, 0.01)]
Record = 437 [(485, 0.01), (75, 0.02), (319, 0.03), (374, 0.32), (465, 1.01), (491, 1.01), (438, 1.01), (474, 1.01), (348, 1.01), (101, 1.01)]
Record = 438 [(465, 0.01), (16, 1.01), (293, 1.01), (75, 1.01), (437, 1.01), (508, 1.02), (485, 1.03), (288, 1.05), (319, 1.07), (374, 1.24)]
Record = 439 [(122, 0.16), (305, 1.01), (340, 1.01), (30, 1.01), (230, 1.01), (71, 1.01), (360, 1.01), (423, 1.01), (222, 1.01), (7, 1.02)]
Record = 440 [(352, 0.26), (358, 0.82), (316, 1.01), (323, 1.02), (196, 1.02), (418, 1.04), (357, 1.04), (315, 1.04), (283, 1.04), (4, 1.04)]
Record = 441 [(264, 0.01), (273, 0.02), (318, 0.04), (355, 0.05), (212, 0.21), (353, 1.0), (468, 1.01), (472, 1.02), (152, 1.02), (81, 1.04)]
Record = 442 [(50, 1.01), (376, 1.01), (9, 1.01), (475, 1.01), (172, 1.01), (47, 1.01), (411, 1.02), (70, 1.02), (26, 1.02), (46, 1.02)]
Record = 443 [(98, 0.02), (134, 0.02), (247, 0.03), (305, 0.04), (230, 0.04), (71, 0.04), (7, 0.04), (222, 0.04), (369, 0.04), (45, 0.05)]
Record = 444 [(397, 1.02), (266, 2.0), (239, 2.01), (13, 2.02), (317, 2.03), (327, 2.03), (156, 2.03), (48, 2.04), (364, 2.07), (40, 2.13)]
Record = 445 [(518, 0.05), (349, 0.07), (307, 0.08), (1, 0.11), (170, 0.11), (10, 0.11), (371, 0.11), (461, 0.11), (186, 0.12), (411, 0.13)]
Record = 446 [(452, 0.12), (484, 0.86), (192, 1.02), (155, 1.02), (288, 1.04), (338, 1.04), (90, 1.06), (488, 1.07), (112, 1.07), (208, 1.08)]
Record = 447 [(10, 0.01), (260, 0.02), (186, 0.02), (1, 0.03), (50, 0.03), (436, 0.03), (9, 0.04), (170, 0.04), (475, 0.04), (510, 0.04)]
Record = 448 [(402, 0.03), (286, 0.07), (344, 0.13), (270, 0.13), (313, 0.14), (191, 0.14), (312, 0.15), (390, 0.15), (502, 0.15), (202, 0.15)]
Record = 449 [(513, 0.0), (511, 0.0), (401, 0.01), (86, 0.01), (241, 0.01), (209, 0.01), (140, 0.01), (367, 0.01), (0, 0.02), (478, 0.02)]
Record = 450 [(315, 0.01), (190, 0.01), (427, 0.02), (509, 0.02), (159, 0.02), (345, 0.04), (316, 0.04), (263, 0.06), (157, 0.07), (375, 0.11)]
Record = 451 [(0, 0.0), (27, 0.0), (395, 0.0), (411, 0.0), (1, 0.01), (50, 0.01), (347, 0.01), (376, 0.01), (419, 0.01), (475, 0.01)]
Record = 452 [(446, 0.12), (484, 0.81), (432, 1.0), (208, 1.0), (434, 1.01), (293, 1.01), (269, 1.01), (95, 1.01), (16, 1.02), (505, 1.02)]
Record = 453 [(213, 0.07), (372, 0.09), (244, 0.09), (474, 0.1), (22, 0.11), (285, 0.12), (326, 0.14), (200, 0.14), (34, 0.22), (223, 0.29)]
Record = 454 [(155, 1.07), (208, 1.11), (470, 1.21), (189, 1.8), (500, 1.99), (266, 2.03), (199, 2.05), (482, 2.06), (218, 2.06), (4, 2.06)]
Record = 455 [(272, 1.01), (345, 1.01), (331, 1.01), (427, 1.02), (375, 1.02), (118, 1.02), (263, 1.02), (157, 1.02), (190, 1.02), (159, 1.02)]
Record = 456 [(341, 0.0), (290, 0.01), (259, 0.01), (391, 0.01), (133, 0.02), (180, 0.04), (498, 0.05), (386, 0.07), (125, 0.07), (174, 0.07)]
Record = 457 [(153, 0.0), (471, 0.02), (398, 0.02), (303, 0.05), (493, 0.06), (337, 0.61), (401, 1.0), (130, 1.0), (8, 1.0), (335, 1.0)]
Record = 458 [(148, 0.04), (53, 0.12), (407, 0.21), (281, 0.21), (261, 0.26), (371, 0.77), (349, 0.77), (461, 0.77), (307, 0.79), (246, 0.8)]
Record = 459 [(435, 0.03), (380, 0.03), (342, 0.06), (42, 0.07), (137, 0.13), (171, 0.13), (4, 0.15), (87, 0.15), (199, 0.15), (283, 0.17)]
Record = 460 [(274, 0.02), (271, 0.15), (380, 1.0), (435, 1.01), (42, 1.02), (342, 1.03), (183, 1.03), (136, 1.03), (459, 1.04), (171, 1.05)]
Record = 461 [(461, 0.0), (349, 0.01), (0, 0.02), (395, 0.02), (347, 0.02), (27, 0.02), (451, 0.02), (30, 0.03), (307, 0.03), (411, 0.03)]
Record = 462 [(72, 0.33), (115, 0.35), (77, 0.44), (466, 0.47), (160, 0.48), (78, 0.48), (492, 0.49), (256, 0.61), (165, 0.66), (154, 0.69)]
Record = 463 [(108, 1.09), (28, 1.13), (223, 1.26), (34, 1.27), (361, 1.27), (481, 1.3), (399, 1.32), (285, 1.32), (83, 1.34), (200, 1.34)]
Record = 464 [(227, 0.02), (416, 0.03), (178, 1.0), (325, 1.0), (322, 1.0), (413, 1.0), (141, 1.01), (38, 1.01), (105, 1.01), (106, 1.01)]
Record = 465 [(438, 0.01), (437, 1.01), (293, 1.02), (75, 1.02), (16, 1.03), (485, 1.03), (319, 1.05), (508, 1.05), (288, 1.07), (374, 1.3)]
Record = 466 [(160, 0.02), (77, 0.02), (72, 0.03), (415, 0.03), (115, 0.04), (256, 0.05), (492, 0.05), (154, 0.08), (78, 0.12), (165, 0.15)]
Record = 467 [(310, 0.01), (473, 0.01), (205, 0.01), (110, 0.02), (246, 0.03), (332, 0.03), (220, 0.04), (486, 0.06), (140, 0.07), (335, 0.07)]
Record = 468 [(353, 0.01), (472, 0.04), (102, 0.04), (152, 0.04), (104, 0.06), (412, 0.07), (497, 0.09), (143, 0.09), (279, 0.12), (308, 0.31)]
Record = 469 [(309, 0.01), (215, 0.1), (333, 0.1), (225, 0.11), (477, 0.45), (107, 0.85), (407, 1.01), (281, 1.03), (194, 1.04), (53, 1.06)]
Record = 470 [(459, 1.06), (380, 1.15), (435, 1.16), (460, 1.19), (329, 1.2), (314, 1.2), (464, 1.21), (454, 1.21), (342, 1.24), (274, 1.25)]
Record = 471 [(398, 0.01), (457, 0.02), (153, 0.03), (493, 0.04), (303, 0.06), (337, 0.71), (229, 1.0), (216, 1.0), (195, 1.01), (351, 1.01)]
Record = 472 [(497, 0.01), (143, 0.01), (353, 0.02), (279, 0.03), (468, 0.04), (152, 0.05), (412, 0.07), (102, 0.08), (104, 0.08), (308, 0.56)]
Record = 473 [(110, 0.0), (467, 0.01), (310, 0.01), (332, 0.01), (205, 0.04), (220, 0.06), (246, 0.07), (486, 0.11), (335, 0.11), (401, 0.13)]
Record = 474 [(244, 0.02), (285, 0.02), (372, 0.03), (22, 0.03), (34, 0.04), (200, 0.05), (326, 0.06), (223, 0.09), (453, 0.1), (213, 0.1)]
Record = 475 [(50, 0.0), (436, 0.0), (70, 0.0), (376, 0.0), (241, 0.01), (179, 0.01), (1, 0.01), (26, 0.01), (347, 0.01), (47, 0.01)]
Record = 476 [(503, 0.47), (440, 1.36), (352, 1.48), (329, 1.48), (212, 2.01), (43, 2.01), (358, 2.04), (144, 2.06), (490, 2.08), (185, 2.08)]
Record = 477 [(215, 0.36), (309, 0.37), (333, 0.42), (469, 0.45), (225, 0.5), (107, 1.07), (404, 1.28), (53, 1.29), (281, 1.3), (148, 1.33)]
Record = 478 [(86, 0.0), (351, 0.01), (449, 0.02), (100, 0.02), (513, 0.02), (313, 0.02), (511, 0.02), (9, 0.03), (209, 0.03), (270, 0.03)]
Record = 479 [(322, 0.02), (105, 0.03), (178, 0.03), (141, 0.03), (433, 0.04), (325, 0.04), (424, 0.04), (280, 0.05), (106, 0.06), (269, 0.07)]
Record = 480 [(385, 0.01), (420, 1.01), (266, 1.02), (331, 1.02), (239, 1.03), (48, 1.04), (440, 1.04), (352, 1.13), (94, 1.19), (43, 1.27)]
Record = 481 [(169, 0.3), (108, 0.47), (223, 1.13), (34, 1.16), (74, 1.17), (399, 1.17), (164, 1.19), (285, 1.2), (326, 1.23), (200, 1.23)]
Record = 482 [(150, 1.01), (428, 1.02), (65, 1.1), (250, 1.2), (426, 2.03), (454, 2.06), (155, 2.11), (40, 2.15), (168, 2.22), (81, 2.23)]
Record = 483 [(301, 1.02), (161, 1.04), (56, 1.04), (52, 1.8), (14, 1.8), (366, 1.81), (125, 1.81), (386, 1.82), (517, 1.82), (498, 1.83)]
Record = 484 [(452, 0.81), (446, 0.86), (224, 1.05), (516, 1.09), (189, 1.11), (228, 1.14), (500, 1.18), (93, 1.2), (277, 1.35), (112, 1.79)]
Record = 485 [(437, 0.01), (319, 0.01), (75, 0.05), (374, 0.41), (348, 1.0), (197, 1.01), (372, 1.01), (501, 1.01), (244, 1.01), (474, 1.01)]
Record = 486 [(335, 0.01), (151, 0.01), (203, 0.01), (140, 0.01), (401, 0.02), (187, 0.02), (367, 0.02), (246, 0.03), (449, 0.03), (211, 0.03)]
Record = 487 [(429, 0.01), (5, 0.02), (38, 0.07), (432, 0.08), (292, 0.08), (269, 0.09), (240, 0.1), (299, 0.1), (325, 0.1), (112, 0.11)]
Record = 488 [(338, 0.02), (112, 0.03), (299, 0.05), (95, 0.05), (505, 0.06), (434, 0.06), (192, 0.07), (269, 0.07), (105, 0.08), (322, 0.08)]
Record = 489 [(68, 1.04), (88, 1.04), (353, 1.05), (152, 1.05), (472, 1.07), (177, 1.07), (468, 1.07), (396, 1.07), (497, 1.08), (32, 1.09)]
Record = 490 [(185, 0.01), (137, 0.05), (59, 0.05), (63, 0.05), (320, 0.07), (373, 0.09), (226, 0.11), (171, 0.11), (357, 0.11), (342, 0.12)]
Record = 491 [(369, 0.01), (340, 0.01), (389, 0.01), (7, 0.01), (89, 0.01), (45, 0.01), (18, 0.02), (348, 0.02), (222, 0.02), (101, 0.02)]
Record = 492 [(256, 0.03), (115, 0.04), (466, 0.05), (72, 0.06), (77, 0.08), (415, 0.09), (160, 0.1), (154, 0.19), (165, 0.23), (78, 0.23)]
Record = 493 [(398, 0.02), (471, 0.04), (153, 0.05), (457, 0.06), (303, 0.18), (337, 0.53), (100, 1.0), (206, 1.01), (478, 1.01), (119, 1.01)]
Record = 494 [(120, 0.01), (12, 0.01), (226, 0.02), (171, 0.02), (320, 0.03), (283, 0.03), (357, 0.03), (87, 0.03), (373, 0.03), (59, 0.04)]
Record = 495 [(24, 0.04), (98, 0.05), (134, 0.05), (422, 0.06), (247, 0.06), (369, 0.07), (45, 0.07), (491, 0.08), (89, 0.09), (138, 0.09)]
Record = 496 [(364, 1.15), (128, 1.25), (228, 1.9), (418, 2.0), (67, 2.0), (293, 2.0), (438, 2.0), (328, 2.0), (84, 2.0), (298, 2.0)]
Record = 497 [(143, 0.0), (472, 0.01), (279, 0.02), (353, 0.06), (412, 0.07), (152, 0.08), (468, 0.09), (102, 0.1), (104, 0.12), (308, 0.7)]
Record = 498 [(386, 0.01), (125, 0.01), (180, 0.02), (133, 0.03), (391, 0.04), (290, 0.04), (341, 0.04), (456, 0.05), (52, 0.06), (259, 0.07)]
Record = 499 [(111, 0.07), (84, 0.08), (178, 1.0), (325, 1.0), (322, 1.0), (38, 1.01), (413, 1.01), (105, 1.01), (141, 1.02), (106, 1.02)]
Record = 500 [(484, 1.18), (464, 1.94), (363, 1.94), (227, 1.97), (454, 1.99), (416, 2.0), (452, 2.0), (41, 2.05), (446, 2.11), (224, 2.18)]
Record = 501 [(348, 0.01), (101, 0.02), (491, 0.07), (89, 0.07), (138, 0.07), (443, 0.07), (369, 0.08), (98, 0.08), (45, 0.09), (389, 0.09)]
Record = 502 [(100, 0.01), (312, 0.01), (313, 0.01), (191, 0.01), (344, 0.02), (390, 0.02), (9, 0.02), (270, 0.02), (478, 0.03), (92, 0.03)]
Record = 503 [(476, 0.47), (329, 1.14), (440, 1.15), (352, 1.25), (358, 1.88), (455, 2.03), (118, 2.04), (375, 2.04), (60, 2.04), (314, 2.05)]
Record = 504 [(79, 1.03), (358, 1.04), (29, 1.04), (49, 1.06), (126, 1.21), (373, 1.8), (12, 1.8), (226, 1.81), (440, 1.81), (283, 1.81)]
Record = 505 [(434, 0.0), (95, 0.0), (112, 0.01), (424, 0.02), (269, 0.02), (432, 0.03), (338, 0.03), (141, 0.04), (240, 0.04), (322, 0.05)]
Record = 506 [(372, 1.0), (321, 1.01), (244, 1.01), (326, 1.01), (22, 1.01), (200, 1.01), (285, 1.02), (474, 1.03), (213, 1.03), (399, 1.04)]
Record = 507 [(58, 0.1), (479, 0.19), (322, 0.2), (178, 0.21), (424, 0.21), (105, 0.21), (141, 0.21), (433, 0.22), (325, 0.22), (280, 0.23)]
Record = 508 [(16, 0.01), (293, 0.03), (288, 0.09), (230, 1.01), (423, 1.01), (360, 1.01), (41, 1.01), (71, 1.01), (222, 1.01), (409, 1.01)]
Record = 509 [(450, 0.02), (427, 0.03), (315, 0.03), (190, 0.03), (159, 0.04), (345, 0.05), (263, 0.06), (316, 0.06), (157, 0.07), (375, 0.11)]
Record = 510 [(260, 0.01), (209, 0.03), (211, 0.03), (436, 0.04), (1, 0.04), (187, 0.04), (447, 0.04), (50, 0.05), (9, 0.05), (451, 0.05)]
Record = 511 [(86, 0.0), (513, 0.0), (511, 0.0), (0, 0.01), (401, 0.01), (241, 0.01), (209, 0.01), (140, 0.01), (367, 0.01), (478, 0.02)]
Record = 512 [(249, 1.11), (296, 2.01), (122, 2.01), (413, 2.01), (98, 2.02), (138, 2.02), (282, 2.03), (499, 2.03), (134, 2.04), (495, 2.04)]
Record = 513 [(449, 0.0), (511, 0.0), (0, 0.01), (347, 0.01), (86, 0.01), (209, 0.01), (241, 0.01), (367, 0.01), (376, 0.02), (401, 0.02)]
Record = 514 [(421, 0.03), (97, 0.05), (221, 0.05), (130, 0.09), (39, 0.11), (119, 0.12), (294, 0.15), (393, 0.15), (242, 0.16), (382, 0.22)]
Record = 515 [(405, 0.06), (300, 0.23), (82, 0.76), (418, 0.77), (196, 0.8), (383, 0.81), (358, 1.02), (6, 1.02), (379, 1.03), (158, 1.11)]
Record = 516 [(224, 0.07), (417, 1.04), (484, 1.09), (277, 1.66), (38, 1.8), (325, 1.81), (178, 1.82), (487, 1.83), (106, 1.83), (429, 1.83)]
Record = 517 [(168, 1.2), (483, 1.82), (14, 2.01), (243, 2.02), (366, 2.02), (391, 2.02), (124, 2.02), (287, 2.03), (456, 2.04), (341, 2.04)]
Record = 518 [(307, 0.04), (349, 0.04), (445, 0.05), (371, 0.07), (461, 0.07), (147, 0.1), (179, 0.1), (113, 0.11), (30, 0.11), (188, 0.11)]
Record = 519 [(330, 1.03), (304, 1.12), (198, 1.13), (139, 1.3), (136, 1.37), (305, 2.01), (71, 2.01), (487, 2.01), (5, 2.01), (423, 2.01)]
